190694	1
224944	1
225058	1
225296	1
225398	2
225404	1
225447	1
225592	1
225608	1
225639	1
231435	1
231467	1
231495	1
231505	1
231519	1
231546	1
231649	1
231652	1
269793	1
287756	1
288021	1
288842	1
289407	1
289970	1
293183	1
343339	1
343537	1
343572	1
343728	1
363750	1
364302	1
366338	1
366639	1
367087	1
367093	1
367097	1
367100	1
367327	1
367416	1
367516	1
367892	1
394325	1
394500	1
394753	1
394780	1
395073	1
395131	1
395619	1
395772	1
395777	1
396165	1
396245	1
396549	1
396550	1
396699	1
397177	1
397614	1
397753	1
397838	1
421237	1
421316	1
421337	1
421361	1
465613	1
467536	1
506642	1
507612	1
508315	2
508513	1
508533	1
508679	1
508803	1
508814	1
508829	1
509224	1
509362	1
509370	1
509395	1
509415	1
509477	1
509510	1
509592	1
509595	1
509597	1
509802	1
509876	1
509939	1
509975	2
509976	2
510038	1
510040	1
510052	1
510108	1
510118	1
510201	1
510239	2
510245	1
510316	1
510331	1
510443	1
510451	1
510453	2
510567	1
510892	1
510915	1
511505	1
511704	1
511805	1
511897	1
511919	1
511986	1
512054	1
512081	1
512195	1
512490	1
515045	1
515068	1
515255	1
515289	1
515291	1
515390	1
515463	1
515576	1
515577	1
515673	1
515707	1
515736	1
515803	1
515822	1
515828	1
515835	1
515847	1
516029	1
544651	1
566171	1
566786	1
567086	1
567128	1
567133	1
567639	1
567857	1
568079	1
568098	1
568135	1
568565	1
568572	1
595779	1
597404	1
598392	1
598862	1
599453	1
600320	1
609997	1
611676	1
612108	1
612590	1
612663	1
613323	1
614928	1
615045	1
615279	1
615280	2
616298	1
616905	1
616930	1
616932	1
616952	1
616987	1
617047	1
617162	1
617449	1
617453	1
617556	1
617561	1
617762	1
617799	1
617891	1
618042	1
618086	1
618235	1
618287	1
618362	1
618383	1
618436	1
618455	1
618457	1
618468	1
618476	1
618728	1
618804	1
618847	1
618981	1
619272	1
619370	1
619652	1
619655	1
619658	1
619694	1
619705	1
619760	1
619773	1
619862	1
619902	1
619917	1
619922	1
619955	1
619961	1
619976	1
619982	1
636165	1
636799	1
637968	1
638252	1
638301	1
638799	1
638800	1
638824	1
638988	1
639783	1
640129	1
640326	1
640776	1
641134	1
641155	1
641551	1
641815	1
642017	1
642429	1
642430	1
642482	1
642566	1
642729	1
643032	1
643141	1
643252	1
643327	1
643329	1
643335	1
643628	1
643633	1
643908	1
644445	1
645346	1
645348	1
645372	1
645497	1
737079	1
749503	1
749583	1
753460	1
754129	1
754154	1
754192	1
756478	1
756523	1
756885	1
758568	1
758570	1
758941	1
779197	1
785205	1
785328	1
787507	1
787849	1
789682	1
789972	1
790063	1
790461	1
790964	1
790988	1
791182	1
791840	1
792397	1
792426	1
792468	1
792707	1
793078	1
793272	1
793375	1
793472	1
793518	1
793608	1
793646	1
793726	1
793812	1
793826	1
794064	1
794093	1
794121	1
794159	1
794221	1
794652	1
794685	1
794746	1
794765	1
794881	1
794887	2
794905	1
794939	1
794952	1
795395	1
795395	1
795459	1
795573	1
795597	1
795681	1
796123	1
796215	1
796218	1
796479	1
796498	1
796600	1
796650	1
796744	1
796769	1
796776	1
796841	1
796888	1
796898	1
797044	1
797053	1
797058	1
797278	1
797303	1
797392	1
797393	1
797502	1
797567	1
797691	1
797707	1
797727	1
797747	1
797905	1
798032	1
798091	1
798221	1
798361	1
798430	1
798804	1
798810	1
799089	1
799222	1
799240	1
799282	1
799289	1
799294	1
799316	1
799375	1
799391	1
799415	1
799442	1
799445	1
799458	1
799482	1
799498	1
799584	1
799629	1
799636	1
799652	1
799726	1
799808	1
799822	1
799825	1
799830	1
799865	1
799877	1
799916	2
799917	1
799947	1
799982	1
800004	1
800063	1
800087	1
800107	1
800113	1
800121	1
800165	1
800170	1
800178	1
800259	1
800376	1
800408	1
800432	1
800435	1
800440	1
800450	1
800682	1
800762	1
800765	1
800766	1
800769	1
800817	1
800859	2
800911	1
800968	1
801028	1
801066	1
801106	1
801123	1
801141	1
801142	1
801307	1
801348	1
801355	1
801363	1
801406	1
801412	1
801426	1
801430	1
801440	1
801468	1
801480	1
801620	1
801663	1
801669	1
801712	1
801713	1
801716	1
801718	1
801751	1
801758	1
801967	1
801993	1
802004	1
802006	1
802007	1
802011	1
802067	1
802091	1
802163	1
802177	1
802183	1
802222	1
802226	1
802239	1
802338	1
802340	1
802457	1
802489	1
802520	1
802528	1
802573	1
802626	1
802634	1
802658	1
802663	1
802724	1
802736	1
802742	1
802760	1
802800	1
802816	1
802862	1
802867	1
802885	1
802914	1
802915	1
802917	1
802924	1
802929	1
802940	1
802943	1
802958	1
802971	1
803010	1
803014	1
803032	1
803043	1
803118	1
803119	1
803167	1
803181	1
803186	1
803211	1
803227	1
803241	1
803262	1
803326	1
803328	1
803363	1
803377	1
803446	1
803450	1
803490	1
803524	1
803531	1
803666	1
803728	1
803750	1
803761	1
803783	1
803787	1
803792	1
803800	1
803801	1
803802	1
803812	1
803819	1
803822	1
803823	1
803854	1
803867	1
803892	1
803901	1
803922	1
803929	1
803968	1
804051	1
804073	1
804085	1
804210	1
804226	1
804275	1
804277	1
804281	1
804359	1
804432	1
804456	1
804467	1
804471	1
804504	1
804524	1
804525	1
804533	1
804534	1
804537	1
804572	1
804596	1
804644	1
804652	1
804663	1
804666	1
804682	1
804691	1
804712	1
804768	1
804786	1
804798	1
804800	1
804820	1
805012	1
805029	1
805031	1
805044	1
805049	1
805050	1
805077	1
805082	1
805173	1
805210	1
805214	1
805215	1
805227	1
805249	1
805354	1
805355	1
805370	1
805373	1
805384	1
805390	1
805402	1
805442	1
805448	1
805453	1
805456	1
805524	1
805536	1
805552	1
805617	1
805632	1
805652	1
805669	1
805683	1
805704	1
805709	1
805722	1
805781	1
805788	1
805853	1
805857	1
805921	1
805922	1
805960	1
805968	1
805970	1
805982	1
805985	1
805987	1
805988	1
806005	1
806018	1
806022	1
806026	1
806040	1
806053	1
806061	1
806063	1
806083	1
806102	1
806106	1
806111	1
806112	1
806114	1
806122	1
806146	1
806155	1
806158	1
806161	1
806163	1
806166	1
806174	1
806178	1
806188	1
806195	1
806210	1
806218	1
806219	1
806223	1
806237	1
806249	1
806257	1
806258	1
806268	1
806274	1
806278	1
806280	1
806281	1
806282	1
806288	1
806295	1
806301	1
806307	1
806314	1
806327	1
806333	1
806342	1
806354	1
806359	1
806360	1
806365	1
806366	1
806368	1
806370	1
806373	1
806384	1
806390	1
806401	1
806407	1
806410	1
806418	1
806425	1
806428	1
806430	1
806434	1
806440	1
806445	1
806453	1
806455	1
806468	1
806480	1
806482	1
806483	1
806485	1
806493	1
806500	1
806521	1
806539	1
806542	1
806545	1
806558	1
806567	1
806574	1
806577	1
806578	1
806580	1
806582	1
806585	1
806586	1
806594	1
806599	1
806602	1
806604	1
806635	1
806646	1
806680	1
806684	1
806691	1
806692	1
806703	1
806714	1
806720	1
806738	2
806741	1
806745	1
806813	1
806821	1
806861	1
806881	1
806882	1
806886	1
806895	1
806921	1
806923	1
806943	1
806945	1
806974	1
806982	1
806985	1
806986	1
807078	1
807100	1
807102	1
807103	1
807121	1
807124	1
807127	1
807147	1
807155	1
807160	1
807162	1
807164	1
807167	1
807169	1
807213	1
807220	1
807228	1
807265	1
807271	1
807280	1
807286	1
807297	1
807299	1
807305	1
807321	1
807356	1
807360	1
807373	1
807411	1
807448	1
807458	2
807463	1
807483	1
807484	1
807501	1
807515	1
807541	1
807608	1
807619	1
807621	1
807625	1
807627	1
807629	1
807632	1
807661	1
807684	1
807697	1
807719	1
807736	1
807740	1
807767	1
807776	1
807792	1
807822	1
807870	1
807876	1
807949	1
807955	1
807959	1
808005	1
808055	1
808057	1
808095	1
808098	1
808099	1
808107	1
808108	1
808110	1
808111	1
808115	1
808122	1
808126	1
808135	1
808142	1
808150	1
808160	1
808228	1
808229	1
808231	1
808232	1
808239	1
808241	1
808251	1
808252	1
808253	1
808261	1
808272	1
808273	1
808280	1
808283	1
808295	1
808296	1
808317	1
808320	1
808331	1
808335	1
808343	1
808345	1
808352	1
808360	1
808368	1
808375	1
808499	1
808531	1
808541	1
808545	1
808560	1
808565	1
808568	1
808571	1
808585	1
808593	1
808612	1
808622	1
808654	1
808657	1
808659	1
808663	1
808665	1
808667	1
808669	1
808677	1
808689	1
808694	1
808697	1
808701	1
808713	1
808731	1
808732	1
808733	1
808738	1
808743	1
808766	1
808769	1
808773	1
808775	1
808778	1
808791	1
808797	1
808819	1
808829	1
808846	1
808857	1
808861	1
808872	1
808895	1
808903	1
808904	1
808906	1
808920	1
808926	1
808952	1
808958	1
808981	1
808985	1
808986	1
808989	1
808994	1
809008	1
809010	1
809018	1
809020	1
809022	1
809024	1
809025	1
809027	1
809037	1
809038	1
809056	1
809061	1
809088	1
809091	1
809097	1
809100	1
809107	1
809121	1
809139	1
809141	1
809142	1
809150	1
809153	1
809154	1
809158	1
809159	1
809161	1
809164	1
809174	1
809175	1
809188	1
809189	1
809190	1
809198	1
809199	1
809200	1
809206	1
809212	1
809215	1
809217	1
809223	1
809225	1
809226	1
809227	1
809243	1
809247	1
809260	1
809270	1
809275	1
809294	2
809297	1
809299	1
809320	1
809333	1
809354	1
809365	1
809372	1
809378	1
809379	1
809380	1
809381	1
809385	1
809394	1
809396	1
809399	1
809414	1
809416	1
809417	1
809419	1
809431	1
809435	1
809441	1
809445	1
809455	1
809460	1
809468	1
809472	1
809485	1
809504	1
809506	1
809510	1
809511	1
809517	1
809528	1
809529	1
809531	1
809534	1
809536	1
809539	1
809540	1
809550	1
809551	1
809553	1
809555	1
809567	1
809569	1
809588	1
809594	1
809611	1
809644	1
809649	1
809653	1
809662	1
809667	1
809670	1
809671	1
809681	1
809689	1
809699	1
809713	1
809716	1
809725	1
809733	1
809734	1
809742	1
809752	1
809754	1
809755	1
809758	1
809779	1
809792	1
809795	1
809830	1
809835	1
809849	1
809855	1
809858	1
809879	1
809890	1
809896	1
809913	1
809919	1
809923	1
809947	1
809953	1
809961	1
809966	1
809990	1
810006	1
810023	1
810024	1
810030	1
810034	1
810035	1
810037	1
810040	1
810062	1
810090	1
810091	1
810098	1
810104	2
810107	1
810109	1
810110	1
810116	1
810117	1
810118	1
810123	1
810150	1
810155	1
810172	1
810177	1
810178	1
810209	1
810215	1
810231	1
810241	1
810268	1
810278	1
810279	1
810289	1
810290	1
810298	1
810300	1
810319	1
810325	1
810332	1
810357	1
810360	1
810362	1
810419	1
810420	1
810423	1
810438	1
810443	1
810465	1
810477	1
810487	1
810496	1
810505	1
810537	1
810554	1
810565	1
810568	1
810578	1
810579	1
810581	1
810583	1
810588	1
810589	1
810599	1
810602	1
810606	1
810616	1
810633	1
810666	1
810685	1
810691	1
810697	2
810698	1
810733	1
886621	1
887237	1
887977	1
888082	1
888188	1
889132	1
889263	1
889294	1
889485	1
889516	1
889588	1
889714	1
903552	1
904025	1
904285	1
904405	1
904424	1
904479	1
904486	1
904950	1
904983	1
906488	1
906787	1
907063	1
907179	1
907485	1
907679	1
908396	1
908490	1
913816	1
915996	1
916746	1
917510	1
917621	1
917678	1
917765	1
917810	1
917997	1
918057	1
918062	1
918074	1
918135	1
918138	1
918190	1
918443	1
918449	1
918523	1
918596	1
918723	1
918730	1
918766	1
918827	1
918843	1
918879	1
918886	1
918891	1
918906	1
918937	1
918944	1
918977	1
919007	1
919081	1
919082	1
919094	1
919120	1
919241	1
919366	1
919408	1
919420	1
919477	1
919552	1
919579	1
919615	1
919633	1
919636	1
919657	1
919672	1
919674	1
919690	1
919697	1
919725	1
919740	1
919746	1
919779	1
919805	1
919817	1
919833	1
919846	1
919901	1
919936	1
919972	1
919981	1
919988	1
919991	1
920033	1
920064	1
920077	1
920096	1
920128	1
920144	1
920154	1
920176	1
920263	1
920278	1
920313	1
920346	1
920348	1
920360	1
920373	1
920436	1
920440	1
920458	1
920464	1
920474	1
920476	1
920481	1
920482	1
920484	1
920485	1
920488	2
920489	1
920495	1
932864	1
938388	1
939936	1
939943	1
939977	1
944479	1
945665	1
945707	1
945715	1
947080	1
947119	1
947528	1
947683	1
948131	1
948198	1
948210	1
948263	1
948295	1
948856	1
949668	1
949745	1
957588	1
957732	1
957796	1
957836	1
957885	1
958203	1
958305	1
958393	1
958719	1
959146	1
966764	1
967774	1
967793	1
968018	1
972719	1
972722	1
972924	1
972978	1
972984	1
973060	1
973144	1
973229	1
973351	1
973547	1
986073	1
986896	1
986919	1
987030	1
987040	1
987096	1
987227	1
987271	1
987288	1
987435	1
987706	1
987850	1
987878	1
988039	1
988233	1
988617	1
992177	1
995163	1
996786	1
997259	1
997329	1
997771	1
997987	1
998032	1
998055	1
998250	1
998280	1
998411	1
998448	1
998485	1
998906	1
998914	1
999031	1
999575	1
999919	1
1015549	1
1015736	1
1017417	1
1030624	1
1031274	1
1031306	1
1031372	2
1031475	1
1031507	1
1031514	1
1031764	1
1032229	1
1032272	1
1032519	1
1032614	1
1032668	1
1032679	1
1032850	1
1032940	1
1033095	1
1033103	1
1033145	1
1033152	1
1033178	1
1033259	1
1033277	1
1033312	1
1033367	1
1033407	1
1033441	1
1033446	1
1033542	1
1033581	1
1033627	1
1033686	1
1033698	1
1033735	1
1033797	1
1033813	1
1033822	1
1033863	1
1033882	1
1033902	1
1033904	1
1033908	1
1033958	1
1034044	1
1034109	1
1034158	1
1034181	1
1034209	1
1034237	1
1034261	1
1034286	1
1034289	1
1034325	1
1034327	1
1034348	1
1034356	1
1034374	1
1034375	1
1034380	1
1034385	1
1034388	1
1034389	1
1034391	1
1034398	1
1034401	1
1034402	1
1034409	1
1034412	1
1034414	1
1034421	1
1034428	1
1034429	1
1034432	1
1034435	1
1034449	1
1034452	1
1034456	1
1034462	1
1034466	1
1034467	1
1034468	1
1034469	1
1034472	1
1034481	1
1034483	1
1034485	1
1034489	1
1034490	1
1034496	1
1034507	1
1034511	1
1034513	1
1034517	1
1034520	1
1034523	1
1034530	1
1034532	1
1034537	2
1034546	1
1034547	1
1034550	1
1034558	1
1034563	1
1034566	1
1034569	1
1034575	1
1034580	1
1034582	1
1034585	1
1034589	1
1034598	1
1034599	1
1034604	1
1034614	1
1034618	1
1034620	1
1034629	1
1034841	1
1042157	1
1042718	1
1045522	1
1045828	1
1046652	1
1048173	1
1048625	1
1049017	1
1049446	1
1050786	1
1052564	1
1053137	1
1053334	1
1053441	1
1053755	1
1053759	1
1054311	1
1054499	1
1054620	1
1054800	1
1054802	1
1054848	1
1055411	1
1055660	1
1055888	1
1055974	1
1056259	1
1056799	1
1056808	1
1061658	1
1061793	1
1061828	1
1062109	1
1062137	1
1062238	1
1062415	1
1062425	1
1062469	1
1062605	1
1062675	1
1062961	1
1063017	1
1083238	1
1084974	1
1085028	1
1085293	1
1085591	1
1085816	1
1085854	1
1085880	1
1086107	1
1086131	1
1086139	1
1086149	1
1086156	1
1086344	1
1086678	1
1086937	1
1087337	1
1087397	1
1087439	1
1087506	1
1087507	1
1087522	1
1087523	1
1087555	1
1087577	1
1087607	1
1087722	1
1087841	1
1088032	1
1088123	1
1088196	1
1088211	1
1088220	1
1088292	1
1088460	1
1088517	1
1088614	1
1088804	1
1088827	1
1088856	1
1088870	1
1088871	1
1088970	1
1089013	1
1089020	1
1089035	1
1089072	1
1089088	1
1089229	1
1089244	1
1089250	1
1089270	1
1089271	1
1089320	1
1089325	1
1089410	1
1089423	1
1089440	1
1089467	1
1089484	1
1089763	1
1089780	1
1089782	1
1089788	1
1089796	1
1089799	1
1089801	1
1089803	1
1089805	1
1089806	1
1089807	1
1089808	1
1089812	1
1089817	1
1089822	1
1089831	1
1089837	1
1089839	1
1089842	1
1089844	1
1089846	1
1089854	1
1089867	1
1089869	1
1089871	1
1089872	1
1089874	2
1089875	1
1089877	1
1089878	1
1089884	1
1089887	1
1089888	1
1089889	1
1089891	1
1089893	1
1089894	1
1089895	1
1089896	1
1089897	1
1089898	1
1089900	1
1089901	1
1089902	1
1089904	1
1089907	1
1089908	1
1089913	1
1089914	1
1089918	1
1089928	1
1089929	1
1089933	1
1089934	1
1089938	1
1089939	1
1089949	1
1089951	1
1089955	1
1089960	1
1089961	1
1089964	1
1089966	1
1089969	1
1089975	1
1089977	1
1089979	1
1089980	1
1089982	1
1089984	1
1089994	1
1089997	1
1090257	1
1092245	1
1092856	1
1093028	1
1093235	1
1094859	1
1095345	1
1095650	1
1095771	1
1096035	1
1096203	1
1096532	1
1096696	1
1096820	1
1097156	1
1097300	1
1097403	1
1097840	1
1098084	1
1098689	1
1098928	1
1098943	1
1099229	1
1099994	1
1100408	1
1100558	1
1102504	1
1102663	1
1103145	1
1104561	1
1104758	1
1104978	1
1105022	2
1109150	1
1110048	1
1110148	1
1110283	1
1110339	1
1110590	1
1110618	1
1110627	1
1110727	1
1110806	1
1110830	1
1110879	1
1110880	1
1110883	1
1110887	1
1110901	1
1110925	1
1110938	1
1111106	1
1111113	1
1111305	1
1111307	1
1111308	1
1111324	1
1111383	1
1111384	1
1111392	1
1111437	1
1111449	1
1111454	1
1111553	1
1111574	1
1111579	1
1111584	1
1111605	1
1111608	1
1111626	1
1124517	1
1125598	1
1125668	1
1125786	1
1125954	1
1126971	1
1127122	1
1127135	1
1127170	1
1127266	1
1127961	1
1128079	1
1128138	1
1128678	1
1128770	1
1128855	1
1128866	1
1129648	1
1132699	1
1134040	1
1134042	1
1134194	1
1135019	1
1135054	1
1135080	1
1135092	1
1135201	1
1135213	1
1135238	1
1135297	1
1135334	1
1135414	1
1135430	1
1135448	1
1135486	1
1135540	1
1135715	1
1135749	1
1135768	1
1135786	1
1135802	1
1135824	1
1135825	1
1135917	1
1135999	1
1136058	1
1136074	1
1136093	1
1136098	1
1136153	1
1136200	1
1136201	1
1136202	1
1136208	1
1136216	1
1136375	1
1136406	1
1136637	1
1136650	1
1136658	1
1136715	1
1136720	1
1136732	1
1136743	1
1136750	1
1136753	1
1136773	1
1136774	1
1136776	1
1136783	1
1136858	1
1136866	1
1136871	1
1136974	1
1137005	1
1137014	1
1137058	1
1137069	1
1137102	1
1137148	1
1137192	1
1137233	1
1137239	1
1137252	1
1137255	1
1137256	1
1137278	1
1137297	1
1137314	1
1137327	1
1137351	1
1137361	1
1137366	1
1137374	1
1137378	1
1137455	1
1137466	1
1137480	1
1137518	1
1137529	1
1137535	1
1137536	1
1137537	1
1137541	1
1137542	1
1137544	1
1137588	1
1137620	1
1137728	1
1137750	1
1137751	1
1137752	1
1137753	1
1137785	1
1137846	1
1137859	1
1137860	1
1137861	1
1137864	1
1137866	1
1137878	1
1137880	1
1137887	1
1137888	1
1137893	1
1137895	1
1137901	1
1137905	1
1137925	1
1137926	1
1137927	1
1137935	1
1137942	1
1137946	2
1137947	1
1137954	2
1137955	1
1137959	1
1137962	1
1137963	1
1137965	1
1137968	1
1137974	1
1137982	1
1137987	1
1137997	1
1138003	1
1138006	1
1138015	1
1138017	1
1138020	1
1138028	1
1138030	1
1138035	1
1138036	1
1138039	1
1138041	1
1138045	1
1138052	1
1138057	1
1138060	1
1138066	1
1138069	1
1138083	1
1138085	1
1138094	1
1138100	1
1138108	1
1138112	1
1138118	1
1138124	1
1138131	1
1138135	1
1138137	1
1138139	1
1138143	1
1138148	1
1138152	1
1138157	1
1138162	1
1138168	1
1138172	1
1138177	1
1138180	1
1138182	1
1138186	1
1138189	1
1138215	1
1138221	1
1138224	1
1138225	1
1138226	1
1138227	1
1138237	1
1138238	1
1138242	1
1138243	1
1138244	1
1138246	1
1138249	1
1138251	1
1138261	1
1138291	1
1138304	1
1138323	1
1138329	1
1138330	1
1138334	1
1138335	1
1138336	1
1138342	1
1138343	1
1138345	1
1138351	1
1138353	1
1138355	1
1138359	1
1138361	1
1138364	1
1138369	1
1138370	1
1138372	1
1138373	1
1138374	1
1138377	1
1138381	1
1138383	1
1138384	1
1138385	1
1138388	1
1138399	1
1138408	1
1138412	1
1138415	1
1138416	1
1138418	1
1138420	1
1138422	1
1138432	1
1138437	1
1138440	1
1138446	1
1138447	1
1138450	1
1138454	1
1138455	1
1138457	1
1138459	1
1138464	1
1138465	1
1138479	1
1138480	1
1138482	1
1138509	1
1138541	2
1138546	1
1138549	1
1138550	1
1138599	1
1138643	1
1139261	1
1139264	1
1139331	1
1150215	1
1150471	1
1150760	1
1150860	1
1150878	1
1150904	1
1151030	1
1151150	1
1155101	1
1155207	1
1155219	1
1155314	1
1155399	1
1160822	2
1161111	1
1161515	1
1162235	1
1162771	1
1163392	1
1167109	1
1170117	1
1170123	1
1170147	1
1170220	1
1170286	2
1170302	1
1170321	1
1170360	1
1170383	1
1170486	1
1170506	1
1171010	1
1175017	1
1175156	1
1175160	1
1175169	1
1175171	1
1175175	1
1175180	1
1175182	1
1175190	1
1175196	1
1175210	1
1175216	1
1175217	1
1175218	1
1175221	1
1175222	1
1175226	1
1175231	1
1175235	1
1175237	1
1175248	1
1175251	1
1175254	1
1175258	1
1175263	1
1175265	1
1175270	1
1175271	1
1175274	1
1175276	1
1175281	1
1175284	1
1175286	1
1175289	1
1175299	1
1175322	1
1175323	1
1180253	1
1180320	1
1180757	1
1181068	1
1181219	1
1181222	1
1181327	1
1182081	1
1182751	1
1183527	1
1183600	1
1184687	1
1190002	1
1190005	1
1190008	1
1190009	1
1190012	1
1190023	1
1190034	1
1190038	1
1190043	1
1190060	1
1190068	1
1190072	1
1190080	1
1190091	1
1190095	1
1190097	1
1190104	1
1190108	1
1190109	1
1190111	1
1190115	1
1190118	1
1190120	1
1190124	1
1190126	1
1190128	1
1190129	1
1190131	1
1190143	1
1190148	1
1190153	1
1190154	1
1190157	1
1190174	1
1190180	1
1190182	1
1190188	1
1190207	1
1190210	1
1190215	1
1190222	1
1190225	1
1190226	1
1190230	1
1190232	1
1190239	1
1190243	1
1190246	1
1190259	1
1190263	1
1190267	1
1190277	1
1190278	1
1190284	1
1190289	1
1190290	1
1190294	1
1190307	1
1190316	1
1190317	1
1190326	1
1190332	1
1190334	1
1190336	1
1190337	1
1190344	1
1190348	1
1190351	1
1190352	1
1190369	1
1190374	1
1190377	1
1190380	1
1190384	1
1190400	1
1190407	1
1190413	1
1190425	1
1190427	1
1190432	1
1190443	1
1190489	1
1191099	1
1191101	1
1191127	1
1191153	1
1191437	1
1195004	1
1195013	1
1195016	1
1195018	1
1195022	1
1195023	1
1195029	1
1195037	1
1195057	1
1195058	1
1195310	1
1195316	1
1200301	1
1200385	1
1200647	1
1200661	1
1200749	1
1200904	1
1200914	1
1201011	1
1201188	1
1201259	1
1201745	1
1203615	1
1210928	1
1211199	1
1212463	1
1220165	1
1220681	1
1221622	1
1221936	1
1222519	1
1222982	1
1223043	1
1223228	1
1231357	1
1241686	1
1260519	1
1260582	1
1260617	1
1260842	1
1270641	1
1290438	1
1290850	1
1290853	1
1290854	1
1290857	1
1290860	1
1290928	1
1291242	1
1291269	2
1291274	2
1291275	1
1291348	1
1291349	1
1291352	2
1291353	1
1291368	1
1291369	1
1291370	1
1291371	1
1291373	1
1291375	1
1291384	4
1291385	2
1291386	2
1291399	1
1291401	2
1291401	1
1291425	1
1291426	2
1291432	1
1291433	2
1291440	1
1291447	3
1291449	1
1291459	1
1291462	1
1291466	1
1291471	2
1291495	1
1291496	1
1291510	1
1291520	2
1291521	2
1291522	1
1291543	1
1291544	1
1291545	1
1291546	2
1291555	3
1291561	2
1291584	1
1291585	1
1291586	1
1291591	1
1291598	1
1291620	2
1291626	1
1291627	2
1291628	1
1291630	1
1291633	1
1291635	1
1291636	1
1291637	1
1291638	1
1291639	1
1291640	1
1291641	1
1291643	1
1291644	1
1291646	1
1291648	1
1291650	1
1291652	1
1291656	3
1291671	1
1291697	1
1291698	1
1291738	2
1291755	2
1291770	3
1291784	1
1291809	1
1291811	2
1291812	2
1291813	2
1291814	1
1291816	1
1291817	3
1291840	1
1291842	1
1291847	1
1291851	1
1291855	1
1291856	1
1291857	1
1291858	1
1291859	1
1291860	1
1291863	2
1291872	1
1291873	2
1291890	1
1291891	1
1291902	1
1291911	1
1291915	1
1291916	1
1291919	1
1291922	1
1291923	1
1291924	1
1291925	1
1291926	1
1291927	1
1291928	1
1291929	1
1291932	1
1291933	1
1291957	1
1291959	1
1291961	2
1291962	3
1291963	2
1291965	1
1291969	1
1291970	1
1291971	1
1291973	2
1291977	1
1291982	1
1291984	1
1291985	1
1291986	1
1291990	1
1292010	2
1292011	1
1292012	3
1292014	1
1292035	1
1292036	1
1292040	2
1292042	1
1292043	2
1292044	2
1292045	2
1292046	2
1292049	3
1292050	1
1292054	2
1292056	1
1292057	1
1292058	1
1292060	1
1292061	1
1292063	2
1292065	1
1292082	1
1292083	1
1292085	1
1292086	3
1292087	1
1292124	1
1292132	1
1292133	2
1292144	1
1292148	1
1292152	1
1292153	1
1292154	1
1292158	2
1292159	1
1292161	1
1292163	1
1292174	1
1292193	4
1292210	1
1292213	2
1292249	1
1292251	1
1292256	2
1292258	1
1292274	1
1292275	1
1292276	1
1292277	1
1292283	1
1292286	2
1292293	2
1292295	1
1292296	2
1292297	2
1292298	1
1292300	1
1292306	1
1292313	1
1292314	1
1292318	1
1292319	2
1292320	2
1292322	1
1292324	1
1292325	1
1292327	1
1292332	1
1292333	1
1292337	1
1292387	1
1292407	1
1292415	2
1292416	1
1292419	1
1292432	2
1292437	1
1292476	1
1292477	1
1292495	2
1292505	1
1292569	1
1292581	3
1292620	1
1292621	1
1292627	3
1292630	1
1292644	1
1292647	1
1292670	1
1292671	1
1292674	1
1292676	1
1292681	2
1292682	1
1292689	1
1292691	1
1292703	1
1292705	1
1292706	1
1292742	1
1292834	1
1320320	1
1320495	1
1320725	1
1321078	1
1330936	1
1360097	1
803793	1
809516	1
810572	1
805539	1
1137630	1
999485	1
508710	1
