515405	2
799749	2
801413	2
802573	2
802963	2
812116	2
813175	2
814666	2
814979	2
815140	2
958938	2
1033922	2
1036095	2
1129325	2
1137249	2
1139438	2
1175731	2
1195899	2
1270908	2
1280192	2
1296870	2
1297453	3
1298051	3
1298053	2
1298137	2
1298139	3
1298141	2
1298146	2
1298178	2
1298189	2
1298200	2
1298206	2
1298217	2
1298239	2
1298265	2
1298286	2
1298289	2
1298327	2
1298364	2
1298394	2
1298150	2
226195	1
231627	1
231745	1
343289	1
343490	1
343919	1
366354	1
366740	1
367100	1
367462	1
367517	1
367795	1
367831	1
368040	1
396003	1
396245	1
397129	1
397463	1
397968	1
398127	1
398167	1
398310	1
399740	1
421281	1
469139	1
508315	1
508829	1
509362	1
509364	1
509829	1
510065	1
510346	1
510974	1
511230	1
511246	1
511405	1
511616	1
511618	1
511790	1
511899	1
511919	1
512041	1
512222	1
512269	1
512390	1
512413	1
512420	1
512598	1
512775	1
512968	1
513698	1
514011	1
514025	1
515068	1
515772	1
515973	1
515991	1
516065	1
516086	1
516087	1
516092	1
516096	1
516135	1
516146	1
516158	1
516163	1
516251	1
516252	1
516297	1
516308	1
516349	1
550993	1
566146	1
567133	1
567363	1
568203	1
568205	1
568559	1
568688	1
568864	1
616673	1
616853	1
616905	1
617048	1
617060	1
618235	1
618241	1
618307	1
618341	1
618687	1
619615	1
619762	1
619773	1
619917	1
619948	1
638800	1
639783	1
641116	1
641155	1
641735	1
642482	1
642729	1
643018	1
643032	1
643141	1
643327	1
643908	1
645320	1
645458	1
645496	1
645516	1
646010	1
749865	1
755745	1
756508	1
756933	1
757398	1
757644	1
757749	1
757884	1
757899	1
758075	1
758779	1
758956	1
759029	1
796182	1
797042	1
797569	1
798152	1
798211	1
798336	1
798804	1
798810	1
799165	1
799291	1
799906	1
800247	1
800726	1
800769	1
800869	1
800878	1
801028	1
801066	1
801077	1
801142	1
801419	1
801440	1
801718	1
801967	1
802191	1
802226	1
802444	1
802476	1
802489	1
802717	1
802722	1
802835	1
802929	1
803014	1
803120	1
803171	1
803328	1
803353	1
803557	1
803666	1
803751	1
803800	1
803819	1
803850	1
803867	1
803868	1
803952	1
804108	1
804203	1
804209	1
804306	1
804464	1
804695	1
804798	1
804983	1
805157	1
805302	1
805360	1
805553	1
805632	1
805680	1
805703	1
805853	1
805937	1
805968	1
806111	1
806124	1
806154	1
806155	1
806191	1
806282	1
806299	1
806307	1
806410	1
806418	1
806440	1
806480	1
806492	1
806564	1
806565	1
806576	1
806581	1
806585	1
806598	1
806668	1
806674	1
806714	1
806738	1
806756	1
806758	1
806765	1
806863	1
806890	1
807103	1
807104	1
807121	1
807160	1
807162	1
807167	1
807218	1
807356	1
807385	1
807459	1
807483	1
807503	1
807541	1
807546	1
807619	1
807629	1
807783	1
807790	1
807870	1
808048	1
808055	1
808114	1
808253	1
808258	1
808277	1
808296	1
808326	1
808335	1
808357	1
808368	1
808663	1
808731	1
808738	1
808781	1
808803	1
808854	1
808974	1
809010	1
809061	1
809080	1
809118	1
809121	1
809270	1
809349	1
809380	1
809439	1
809445	1
809447	1
809511	1
809516	1
809520	1
809548	1
809614	1
809649	1
809822	1
809898	1
809919	1
809962	1
810019	1
810036	1
810074	1
810092	1
810096	1
810104	1
810187	1
810246	1
810249	1
810268	1
810288	1
810298	1
810361	1
810392	1
810401	1
810409	1
810427	1
810497	1
810499	1
810521	1
810537	1
810568	1
810572	1
810592	1
810594	1
810606	1
810666	1
810675	1
810677	1
810686	1
810694	1
810718	1
810727	1
810733	1
810740	1
810758	1
810782	1
810799	1
810812	1
810822	1
810828	1
810832	1
810859	1
810984	1
811031	1
811048	1
811067	1
811072	1
811132	1
811192	1
811217	1
811269	1
811273	1
811275	1
811276	1
811284	1
811329	1
811383	1
811388	1
811424	1
811462	1
811464	1
811473	1
811544	1
811545	1
811548	1
811549	1
811562	1
811597	1
811599	1
811618	1
811632	1
811679	1
811698	1
811759	1
811773	1
811827	1
811847	1
811849	1
811898	1
811899	1
811902	1
811918	1
811921	1
811925	1
811937	1
811961	1
811962	1
811963	1
812006	1
812008	1
812013	1
812065	1
812073	1
812076	1
812102	1
812113	1
812169	1
812172	1
812185	1
812192	1
812194	1
812222	1
812236	1
812238	1
812253	1
812318	1
812323	1
812335	1
812339	1
812350	1
812366	1
812370	1
812410	1
812415	1
812419	1
812434	1
812440	1
812468	1
812475	1
812525	1
812536	1
812543	1
812567	1
812568	1
812572	1
812574	1
812605	1
812609	1
812620	1
812635	1
812638	1
812642	1
812672	1
812681	1
812687	1
812688	1
812690	1
812697	1
812700	1
812703	1
812718	1
812738	1
812753	1
812755	1
812761	1
812762	1
812772	1
812776	1
812782	1
812796	1
812801	1
812806	1
812810	1
812814	1
812815	1
812820	1
812822	1
812826	1
812840	1
812854	1
812855	1
812865	1
812884	1
812894	1
812895	1
812928	1
812932	1
812937	1
812948	1
812953	1
812957	1
812985	1
812990	1
812992	1
812997	1
813002	1
813008	1
813019	1
813022	1
813039	1
813049	1
813050	1
813067	1
813073	1
813111	1
813112	1
813145	1
813159	1
813174	1
813187	1
813194	1
813196	1
813199	1
813220	1
813233	1
813237	1
813252	1
813264	1
813265	1
813267	1
813268	1
813270	1
813274	1
813275	1
813280	1
813319	1
813353	1
813389	1
813399	1
813416	1
813419	1
813420	1
813428	1
813453	1
813458	1
813468	1
813470	1
813485	1
813492	1
813504	1
813528	1
813545	1
813555	1
813588	1
813596	1
813599	1
813614	1
813632	1
813640	1
813642	1
813654	1
813676	1
813677	1
813681	1
813690	1
813694	1
813695	1
813699	1
813709	1
813712	1
813713	1
813719	1
813722	1
813726	1
813744	1
813753	1
813759	1
813772	1
813780	1
813785	1
813790	1
813791	1
813800	1
813810	1
813823	1
813827	1
813835	1
813843	1
813845	1
813847	1
813855	1
813864	1
813871	1
813884	1
813894	1
813905	1
813906	1
813907	1
813912	1
813914	1
813916	1
813918	1
813972	1
813997	1
814000	1
814019	1
814027	1
814029	1
814037	1
814040	1
814041	1
814060	1
814077	1
814088	1
814089	1
814109	1
814115	1
814120	1
814129	1
814135	1
814142	1
814145	1
814162	1
814192	1
814198	1
814214	1
814218	1
814220	1
814233	1
814238	1
814247	1
814250	1
814254	1
814255	1
814264	1
814269	1
814273	1
814278	1
814288	1
814292	1
814303	1
814304	1
814307	1
814309	1
814319	1
814324	1
814327	1
814328	1
814342	1
814356	1
814357	1
814365	1
814374	1
814386	1
814387	1
814395	1
814414	1
814418	1
814434	1
814436	1
814438	1
814447	1
814449	1
814451	1
814461	1
814468	1
814490	1
814493	1
814496	1
814506	1
814511	1
814513	1
814531	1
814532	1
814551	1
814555	1
814559	1
814574	1
814586	1
814587	1
814588	1
814590	1
814592	1
814607	1
814616	1
814620	1
814624	1
814629	1
814632	1
814639	1
814642	1
814655	1
814673	1
814682	1
814684	1
814687	1
814693	1
814694	1
814694	1
814697	1
814707	1
814711	1
814716	1
814717	1
814720	1
814739	1
814746	1
814748	1
814756	1
814759	1
814765	1
814775	1
814788	1
814797	1
814813	1
814814	1
814816	1
814817	1
814820	1
814866	1
814867	1
814872	1
814873	1
814883	1
814888	1
814892	1
814903	1
814912	1
814918	1
814930	1
814931	1
814936	1
814937	1
814938	1
814964	1
814968	1
814982	1
814989	1
814991	1
814998	1
815010	1
815013	1
815023	1
815026	1
815031	1
815037	1
815041	1
815042	1
815043	1
815047	1
815051	1
815053	1
815066	1
815074	1
815089	1
815122	1
815126	1
815129	1
815131	1
815146	1
815152	1
815164	1
815168	1
815174	1
815176	1
815178	1
815181	1
815186	1
815193	1
815204	1
815210	1
815213	1
815214	1
815229	1
815238	1
815239	1
815248	1
815249	1
815250	1
815253	1
815257	1
815262	1
815268	1
815270	1
815272	1
815288	1
815290	1
815304	1
815305	1
815306	1
815309	1
815311	1
815312	1
815317	1
815323	1
815325	1
815327	1
815328	1
815344	1
815355	1
815357	1
815373	1
815374	1
815375	1
815376	1
815380	1
815405	1
815406	1
815418	1
815425	1
815428	1
815429	1
815439	1
815441	1
815443	1
815445	1
815450	1
815451	1
815456	1
815458	1
815462	1
815464	1
815467	1
815469	1
815472	1
815477	1
815483	1
815487	1
815493	1
815496	1
815497	1
815498	1
815503	1
815504	1
815506	1
815508	1
815510	1
815523	1
815537	1
815544	1
815553	1
815557	1
815565	1
815566	1
815570	1
815578	1
815580	1
815585	1
815590	1
815599	1
815614	1
815616	1
815640	1
815641	1
815642	1
815648	1
815649	1
815656	1
815661	1
815665	1
815666	1
815702	1
815707	1
815718	1
815720	1
815722	1
815724	1
815728	1
815731	1
815749	1
815750	1
815754	1
815760	1
815768	1
815781	1
815782	1
815792	1
815819	1
815823	1
815840	1
815844	1
815852	1
815856	1
815880	1
815886	1
815892	1
815893	1
815896	1
815932	1
815933	1
815953	1
815977	1
815981	1
815982	1
815989	1
815992	1
815993	1
816001	1
816005	1
816043	1
816044	1
816045	1
816046	1
816049	1
816099	1
816105	1
816107	1
816126	1
816127	1
816128	1
816151	1
816160	1
816171	1
816176	1
816188	1
816195	1
816198	1
816200	1
816204	1
816208	1
816215	1
816238	1
816253	1
816267	1
816279	1
816334	1
887237	1
889979	1
903028	1
904424	1
906787	1
908077	1
918907	1
918980	1
919046	1
919241	1
919477	1
919623	1
919805	1
919931	1
919991	1
920066	1
920154	1
920295	1
920483	1
938388	1
940707	1
949002	1
949047	1
949888	1
957994	1
958305	1
958333	1
958393	1
958461	1
958721	1
958909	1
959140	1
959589	1
960185	1
967715	1
973261	1
973280	1
973351	1
986339	1
987084	1
987227	1
998000	1
998449	1
998540	1
998664	1
998681	1
998776	1
998782	1
998943	1
999031	1
999044	1
999093	1
999098	1
999155	1
999279	1
999326	1
999548	1
999600	1
999678	1
999764	1
999784	1
999981	1
1016675	1
1017665	1
1018816	1
1030007	1
1031276	1
1031294	1
1032668	1
1032904	1
1033103	1
1033259	1
1033380	1
1033457	1
1033579	1
1033698	1
1033817	1
1033942	1
1034230	1
1034233	1
1034234	1
1034242	1
1034278	1
1034313	1
1034655	1
1034658	1
1034738	1
1034782	1
1034788	1
1034790	1
1034891	1
1034911	1
1034915	1
1034919	1
1034945	1
1034958	1
1034964	1
1034977	1
1034987	1
1034989	1
1034993	1
1035008	1
1035042	1
1035044	1
1035055	1
1035057	1
1035077	1
1035078	1
1036016	1
1036036	1
1036059	1
1036061	1
1036063	1
1036064	1
1036065	1
1036066	1
1036079	1
1036080	1
1036087	1
1036101	1
1036109	1
1036121	1
1036132	1
1036133	1
1036136	1
1036145	1
1036150	1
1036155	1
1036163	1
1036168	1
1036173	1
1036176	1
1036179	1
1036181	1
1036185	1
1036193	1
1037005	1
1037008	1
1037013	1
1037016	1
1037018	1
1037021	1
1037036	1
1037037	1
1037040	1
1037051	1
1037053	1
1037061	1
1037068	1
1037069	1
1037074	1
1037078	1
1037079	1
1037097	1
1037098	1
1038003	1
1038016	1
1038018	1
1038019	1
1038023	1
1038027	1
1038029	1
1038041	1
1039065	1
1039150	1
1040901	1
1044714	1
1044851	1
1044884	1
1046193	1
1046652	1
1047081	1
1048895	1
1049017	1
1049519	1
1056808	1
1062184	1
1063029	1
1063359	1
1064028	1
1064038	1
1064077	1
1064167	1
1064195	1
1064314	1
1064378	1
1086724	1
1087078	1
1087222	1
1087506	1
1087899	1
1088123	1
1088273	1
1088545	1
1088563	1
1088593	1
1088833	1
1088956	1
1089026	1
1089097	1
1089162	1
1089244	1
1089391	1
1089403	1
1089410	1
1089466	1
1089502	1
1089596	1
1089599	1
1089627	1
1089806	1
1089808	1
1089825	1
1089875	1
1089887	1
1089898	1
1089928	1
1089951	1
1089969	1
1089979	1
1089984	1
1098928	1
1099430	1
1099688	1
1110964	1
1111101	1
1111459	1
1111663	1
1112020	1
1112424	1
1112511	1
1112581	1
1112609	1
1112725	1
1112745	1
1112750	1
1112760	1
1112772	1
1112814	1
1113239	1
1128323	1
1128588	1
1128770	1
1128828	1
1135091	1
1135097	1
1135540	1
1135651	1
1135775	1
1135825	1
1136098	1
1136135	1
1136146	1
1136193	1
1136200	1
1136212	1
1136213	1
1136243	1
1136315	1
1136365	1
1136376	1
1136427	1
1136467	1
1136483	1
1136495	1
1136504	1
1136513	1
1136545	1
1136794	1
1136849	1
1136864	1
1136893	1
1136966	1
1137078	1
1137083	1
1137366	1
1137378	1
1137455	1
1137480	1
1137494	1
1137522	1
1137532	1
1137536	1
1137546	1
1137556	1
1137603	1
1137624	1
1137632	1
1137646	1
1137728	1
1137736	1
1137849	1
1138021	1
1138025	1
1138057	1
1138073	1
1138104	1
1138189	1
1138289	1
1138315	1
1138330	1
1138335	1
1138345	1
1138351	1
1138360	1
1138434	1
1138455	1
1138459	1
1138482	1
1138497	1
1138560	1
1138565	1
1138690	1
1138758	1
1138840	1
1138847	1
1138932	1
1138941	1
1138966	1
1138968	1
1138971	1
1138993	1
1139046	1
1139104	1
1139185	1
1139232	1
1139236	1
1139242	1
1139277	1
1139278	1
1139374	1
1139434	1
1139462	1
1139505	1
1139540	1
1139549	1
1139553	1
1139557	1
1139601	1
1139631	1
1139635	1
1139640	1
1139686	1
1139687	1
1139692	1
1139704	1
1139707	1
1139720	1
1139722	1
1139725	1
1139732	1
1139761	1
1139764	1
1139766	1
1139832	1
1139836	1
1139837	1
1139857	1
1139883	1
1139907	1
1139913	1
1139918	1
1139921	1
1139927	1
1139938	1
1139952	1
1139959	1
1151068	1
1151198	1
1151272	1
1151503	1
1151738	1
1151915	1
1152380	1
1152390	1
1152496	1
1155390	1
1155798	1
1155976	1
1161337	1
1166530	1
1170123	1
1170137	1
1170478	1
1170516	1
1170749	1
1170764	1
1170904	1
1171004	1
1171163	1
1171227	1
1171233	1
1171518	1
1171817	1
1172204	1
1175190	1
1175294	1
1175329	1
1175358	1
1175388	1
1175410	1
1175494	1
1175512	1
1175571	1
1175572	1
1175575	1
1175590	1
1175601	1
1175624	1
1175626	1
1175631	1
1175635	1
1175644	1
1175657	1
1175659	1
1175663	1
1175675	1
1175678	1
1175682	1
1175697	1
1175720	1
1175723	1
1175724	1
1175728	1
1175733	1
1175747	1
1175753	1
1175769	1
1175771	1
1175773	1
1175778	1
1175783	1
1175795	1
1175801	1
1175809	1
1175811	1
1175826	1
1175842	1
1175843	1
1175847	1
1175850	1
1175851	1
1175859	1
1175861	1
1175870	1
1175880	1
1175888	1
1175893	1
1175897	1
1175898	1
1175902	1
1182127	1
1183310	1
1183634	1
1183957	1
1184543	1
1184756	1
1185023	1
1185049	1
1186592	1
1186726	1
1186760	1
1187244	1
1190005	1
1190141	1
1190160	1
1190228	1
1190230	1
1190340	1
1190391	1
1190707	1
1190811	1
1190835	1
1191042	1
1191126	1
1191134	1
1191162	1
1191164	1
1191168	1
1191182	1
1191195	1
1191213	1
1191228	1
1191230	1
1191238	1
1191245	1
1191246	1
1191258	1
1191259	1
1191261	1
1191272	1
1191287	1
1191303	1
1191327	1
1191331	1
1191349	1
1191384	1
1191401	1
1191408	1
1191411	1
1191412	1
1191416	1
1191428	1
1191449	1
1191468	1
1191477	1
1191479	1
1191485	1
1191514	1
1191516	1
1191519	1
1191576	1
1191578	1
1191581	1
1191589	1
1191622	1
1191672	1
1191700	1
1191710	1
1191712	1
1191714	1
1191723	1
1191725	1
1191726	1
1191731	1
1191743	1
1191746	1
1191747	1
1191755	1
1191769	1
1191785	1
1191786	1
1191792	1
1191795	1
1191803	1
1191808	1
1191811	1
1191815	1
1191829	1
1191831	1
1191835	1
1191842	1
1191859	1
1191876	1
1191883	1
1191884	1
1191885	1
1191886	1
1191887	1
1191890	1
1191891	1
1191893	1
1191897	1
1191906	1
1191909	1
1191925	1
1191926	1
1191929	1
1191933	1
1191937	1
1191943	1
1191955	1
1191962	1
1191967	1
1191972	1
1191975	1
1191985	1
1191991	1
1192002	1
1192020	1
1192021	1
1192030	1
1192032	1
1192033	1
1192034	1
1192061	1
1192063	1
1192075	1
1192090	1
1192105	1
1192113	1
1192115	1
1192117	1
1192129	1
1192130	1
1192148	1
1192150	1
1192152	1
1192155	1
1192157	1
1192162	1
1192168	1
1192169	1
1192172	1
1192174	1
1192216	1
1192218	1
1192227	1
1192228	1
1192245	1
1192247	1
1192253	1
1192256	1
1192276	1
1192880	1
1195021	1
1195022	1
1195137	1
1195164	1
1195184	1
1195201	1
1195204	1
1195210	1
1195259	1
1195292	1
1195301	1
1195303	1
1195314	1
1195354	1
1195355	1
1195359	1
1195366	1
1195655	1
1195659	1
1195668	1
1195674	1
1195679	1
1195681	1
1195746	1
1195748	1
1195750	1
1195759	1
1195770	1
1195793	1
1195795	1
1195815	1
1195818	1
1195829	1
1195833	1
1195875	1
1195876	1
1195877	1
1195878	1
1195883	1
1195884	1
1195886	1
1195887	1
1195890	1
1195895	1
1195903	1
1195906	1
1195909	1
1195916	1
1195921	1
1195932	1
1195934	1
1195940	1
1195941	1
1195943	1
1195947	1
1195950	1
1195955	1
1195958	1
1195962	1
1195966	1
1195972	1
1195976	1
1195981	1
1195987	1
1195993	1
1196000	1
1196003	1
1196015	1
1196026	1
1196027	1
1196034	1
1196039	1
1196049	1
1196051	1
1196055	1
1196064	1
1196073	1
1196083	1
1196085	1
1196086	1
1196101	1
1196107	1
1196115	1
1202129	1
1203167	1
1204084	1
1205305	1
1206597	1
1214482	1
1215632	1
1221542	1
1221622	1
1223450	1
1223838	1
1224273	1
1224364	1
1225272	1
1225692	1
1225910	1
1226227	1
1227954	1
1230078	1
1230082	1
1230172	1
1230176	1
1230186	1
1230197	1
1230204	1
1230209	1
1230550	1
1230696	1
1231051	1
1231063	1
1231085	1
1231624	1
1231643	1
1232138	1
1240828	1
1250265	1
1253039	1
1260624	1
1260822	1
1261102	1
1261178	1
1261319	1
1270407	1
1270836	1
1280024	1
1280101	1
1280106	1
1280110	1
1280121	1
1280123	1
1280131	1
1280132	1
1280136	1
1280142	1
1280147	1
1280150	1
1280156	1
1280159	1
1280162	1
1280164	1
1280167	1
1280169	1
1280182	1
1280185	1
1280190	1
1280193	1
1280214	1
1280216	1
1280219	1
1280225	1
1280232	1
1280244	1
1280245	1
1280249	1
1280251	1
1280252	1
1280257	1
1280259	1
1280264	1
1280306	1
1280315	1
1280316	1
1280329	1
1280343	1
1280346	1
1280349	1
1280361	1
1280363	1
1280365	1
1280371	1
1280381	1
1280384	1
1280396	1
1280403	1
1280416	1
1280418	1
1280431	1
1280438	1
1280444	1
1280446	1
1280461	1
1280462	1
1280464	1
1280472	1
1280480	1
1280493	1
1280555	1
1280560	1
1280763	1
1280883	1
1281016	1
1293619	1
1296856	1
1297126	1
1297619	1
1298052	1
1298056	1
1298057	1
1298136	1
1298144	1
1298145	1
1298149	1
1298158	1
1298159	1
1298162	1
1298164	1
1298165	1
1298166	1
1298169	1
1298170	1
1298176	1
1298205	1
1298209	1
1298221	1
1298238	1
1298240	1
1298247	1
1298248	1
1298249	1
1298251	1
1298252	1
1298253	1
1298254	1
1298255	1
1298256	1
1298279	1
1298281	1
1298294	1
1298303	1
1298326	1
1298328	1
1298362	1
1298374	1
1298377	1
1298380	1
1298382	1
1298420	1
1301585	1
1321220	1
1321673	1
1321682	1
1321803	1
1322058	1
1322085	1
1322515	1
1322878	1
1323894	1
1324175	1
1324216	1
1324424	1
1324476	1
1325040	1
1326829	1
1326905	1
1327688	1
1330640	1
1350149	1
1350799	1
1360036	1
1360168	1
1362773	1
1380017	1
1380141	1
1380249	1
1380583	1
1380601	1
1380657	1
1380744	1
1380833	1
1380979	1
1381185	1
1381224	1
1381226	1
1381244	1
1381253	1
1381504	1
1381639	1
1420292	1
1560757	1
