0549	1
0550	1
0551	1
0552	1
0553	1
0558	1
0559	1
0560	1
0561	1
0562	1
0563	1
0564	1
0565	1
0574	1
0575	1
0576	1
0577	1
0578	1
0548	1
0557	1
0569	1
0573	1
0582	1
0546	1
0547	1
0554	1
0555	1
0556	1
0566	1
0567	1
0568	1
0570	1
0571	1
0572	1
0579	1
0580	1
0581	1
0583	1
0584	1
0585	1
0586	1
0587	1
0588	1
0589	1
0590	1
0591	1
0592	1
0593	1
0594	1
0595	1
0596	1
0597	1
0598	1
0599	1
0600	1
0601	1
0602	1
0603	1
0604	1
0605	1
0606	1
0607	1
0608	1
0609	1
0610	1
0611	1
0612	1
0613	1
0614	1
0615	1
0616	1
0617	1
0618	1
0619	1
0620	1
	
	
	
	
	
	
	
	
	
	
	
	
	
	
	
	
	
	
	
	
	
	
	
	
	
	
	
	
	
	
	
	
	
	
	
	
	
	
	
	
	
	
	
	
	
	
	
	
	
	
	
	
	
	
	
