224448	1
224794	1
224892	1
224920	1
224938	1
224991	1
225051	1
225075	1
225089	1
225112	1
225148	1
225167	1
231236	1
231289	1
231343	1
231450	1
231463	1
231467	1
231511	1
231519	1
231529	1
269111	1
269197	1
269336	1
279554	1
287803	1
288988	1
289555	1
289561	1
289733	1
289960	1
293183	1
339594	1
342876	1
343118	1
343214	1
343289	1
363142	1
363560	1
364233	1
366049	1
366074	1
366214	1
366237	1
366342	1
366639	1
367501	1
375590	1
378264	1
379545	1
379724	1
393768	1
394057	1
394140	1
394213	1
394277	1
394325	1
394417	1
394478	1
394500	1
394538	1
394805	1
394988	2
395098	1
395328	1
395402	1
395781	1
395959	1
395992	1
396272	1
396674	1
396678	1
397177	1
421053	1
421237	1
421273	1
421282	1
421300	1
421313	1
421337	1
421353	1
468593	1
506142	1
506194	1
506357	1
506514	1
506642	1
506651	1
506872	1
507240	1
507293	1
507485	1
507612	1
507803	1
507893	1
507894	1
508135	1
508273	1
508315	2
508324	1
508344	1
508346	1
508461	1
508592	1
508597	1
508653	1
508688	1
508721	1
508829	1
508858	1
508917	1
508997	1
509046	1
509226	1
509508	1
509666	1
509672	1
509808	1
509939	1
509984	1
510026	1
510195	1
510197	1
510303	1
510331	1
510414	1
510586	1
510824	1
510892	1
510894	1
510905	1
515068	1
515076	1
515106	1
515236	1
515239	1
515241	1
515258	1
515263	1
515264	1
515265	1
515269	1
515270	1
515289	1
515290	1
515291	1
515292	1
515358	1
515366	1
515401	1
515405	1
515426	1
515463	1
515485	1
515488	1
515500	1
542741	1
544613	1
544773	1
544802	1
544815	1
550993	1
566185	1
566217	1
566222	1
566293	1
566360	1
566597	1
566645	1
566662	1
566718	1
566785	1
566786	1
566932	1
567042	1
567172	1
591182	1
594980	1
596321	1
596801	1
597404	1
598160	1
598189	1
598723	1
598855	1
598914	1
599318	1
599393	1
599923	1
600010	1
600052	1
600115	1
600233	1
600272	1
600405	1
600460	1
600526	1
600562	1
600621	1
600835	1
610093	1
611377	1
612509	1
612582	1
612932	1
613260	1
613295	1
613408	1
613539	1
614392	1
614476	2
614872	1
614883	1
614916	1
615248	1
615378	1
615495	1
615688	1
615787	1
615819	1
615859	1
615914	1
615983	1
616727	1
617050	1
617164	1
617251	1
617263	1
617273	1
617310	1
617318	1
617721	1
617766	1
617799	1
617840	1
617886	1
617958	1
617979	1
618104	1
618219	1
618241	1
618251	1
618422	1
618436	1
618437	1
618478	1
618559	1
618570	1
618661	1
618731	1
618749	1
618754	1
618808	1
618840	1
618841	1
618851	1
618874	1
618880	1
618903	1
619004	1
619012	1
619021	1
619027	1
619053	1
619063	1
619085	1
619114	1
619146	1
619153	1
619193	1
619209	1
619224	1
619309	1
619311	1
619322	1
619326	1
619342	1
619413	1
619420	1
619439	1
619447	1
619495	1
619547	1
619551	1
619560	1
619566	1
619658	1
619705	1
619762	1
619773	1
619793	1
619803	1
619862	1
619930	1
619942	1
619946	2
619950	1
619961	1
619962	1
619971	1
619976	1
619982	1
619989	1
619991	1
633739	1
635541	1
638131	1
638168	1
638186	1
638236	1
638343	1
638800	1
638832	1
638982	1
638988	1
639557	1
639591	1
639748	1
640129	1
640360	1
640374	1
640396	1
641495	1
641521	1
641577	1
641735	1
641815	1
641895	1
642115	1
642453	1
642729	1
643015	1
643032	1
643504	1
644359	1
644549	1
644768	1
644794	1
644795	1
645221	1
645257	1
668477	1
738707	1
749340	1
749434	1
749503	1
749583	1
749590	1
749686	1
753395	1
753422	1
753499	1
753503	1
754149	1
754154	1
754440	1
758026	1
783601	1
785131	1
785253	1
785712	1
786308	1
786314	1
786894	1
786989	1
787143	1
787507	1
787632	1
787664	1
787671	1
788676	1
788866	1
789019	1
789188	1
789190	1
789287	1
789380	1
789453	1
789574	1
789682	1
789737	1
789808	1
789814	1
789861	1
789879	1
789930	1
789934	1
789972	1
790077	1
790235	1
790236	1
790253	1
790449	1
790461	1
790563	1
790575	1
790700	1
790744	1
790905	1
791419	1
791460	1
791576	1
791665	1
791840	1
792372	1
792426	1
792455	1
792543	1
792689	1
793273	1
793375	1
793470	1
793488	1
793540	1
793584	1
793637	1
793645	1
793646	1
793660	1
793695	1
793840	1
793856	1
794029	1
794064	1
794090	1
794166	1
794298	1
794311	1
794312	1
794616	1
794621	2
794652	1
794661	1
794667	1
794676	1
794754	1
794765	1
794883	1
794905	1
794912	1
794943	1
795009	1
795021	1
795511	1
795562	1
795574	1
795615	1
795681	1
795753	1
795792	1
795809	1
795925	1
795995	1
796206	1
796232	1
796384	1
796450	1
796459	1
796548	1
796581	1
796600	1
796650	1
796703	1
796731	1
796738	1
796768	1
796778	1
796788	1
796824	1
796841	1
796887	1
796888	1
796894	1
796898	1
796966	1
796991	1
797043	1
797044	1
797061	1
797079	1
797174	1
797177	1
797196	1
797252	1
797278	1
797303	1
797377	1
797403	1
797415	1
797438	1
797440	1
797494	1
797497	1
797502	1
797548	1
797557	1
797569	1
797600	2
797611	1
797646	1
797675	1
797691	1
797722	1
797728	1
797731	1
797742	1
797747	1
797786	1
797793	1
797905	1
797980	1
798006	1
798015	1
798150	1
798153	1
798212	1
798222	1
798223	1
798336	1
798348	1
798426	1
798429	1
798430	1
798517	1
798576	1
798592	1
798610	1
798615	1
798616	1
798621	1
798698	1
798717	1
798802	1
798803	1
798804	1
798808	1
798986	1
799108	1
799128	1
799149	1
799159	1
799162	1
799167	1
799168	1
799191	1
799204	1
799210	1
799218	1
799225	1
799240	1
799241	1
799244	1
799262	1
799279	1
799287	1
799289	1
799290	1
799293	1
799303	1
799312	1
799317	1
799325	1
799331	1
799334	1
799335	1
799342	1
799361	1
799370	1
799375	1
799386	1
799391	1
799404	1
799408	1
799410	1
799416	1
799431	1
799435	1
799451	1
799452	1
799455	1
799459	1
799470	1
799471	1
799482	1
799489	1
799496	1
799499	1
799511	1
799512	1
799514	1
799552	1
799575	1
799584	1
799585	1
799596	1
799605	1
799617	1
799629	1
799631	1
799656	1
799688	1
799711	1
799712	1
799714	1
799716	1
799717	1
799732	1
799748	1
799758	1
799771	2
799780	1
799812	1
799865	1
799877	1
799887	1
799891	1
799910	1
799912	1
799913	1
799916	1
799952	1
799986	1
799993	1
800050	1
800053	1
800054	1
800059	1
800063	1
800067	1
800086	1
800091	1
800095	1
800104	1
800107	1
800109	1
800111	1
800114	1
800120	1
800121	1
800126	1
800164	1
800165	1
800210	1
800245	1
800247	1
800249	1
800259	1
800274	1
800302	1
800336	1
800338	1
800346	1
800352	1
800353	1
800376	1
800383	1
800398	1
800410	1
800415	1
800416	1
800428	1
800429	1
800432	1
800435	1
800440	1
800445	1
800450	1
800451	1
800468	1
800470	1
800476	1
800476	1
800502	1
800506	1
800512	1
800600	1
800606	1
800641	1
800642	1
800658	1
800675	1
800681	1
800685	1
800687	1
800691	1
800692	1
800700	1
800712	1
800726	1
800731	1
800760	1
800762	1
800763	1
800765	1
800766	1
800769	1
800770	1
800816	1
800835	1
800859	1
800869	1
800876	1
800878	1
800879	1
800895	1
800906	1
800908	1
800911	1
800923	1
800979	1
801030	1
801066	1
801077	1
801082	1
801085	1
801090	1
801097	1
801107	1
801110	1
801111	1
801113	1
801124	1
801137	1
801140	1
801141	1
801148	1
801222	1
801252	1
801280	1
801281	1
801329	1
801337	1
801346	1
801359	1
801366	1
801374	1
801390	1
801398	1
801412	1
801413	1
801417	1
801419	1
801420	1
801425	1
801426	1
801440	1
801441	1
801458	1
801493	1
801584	1
801595	1
801604	1
801620	1
801621	1
801663	1
801669	1
801680	1
801686	1
801689	1
801691	1
801692	1
801713	1
801714	1
801717	1
801718	1
801719	1
801721	1
801733	1
801739	1
801744	1
801747	1
801751	1
801764	1
801807	1
801813	1
801815	1
801864	1
801890	1
801945	1
801960	1
801965	1
801967	1
801973	1
801975	1
802004	1
802007	2
802013	1
802018	1
802029	1
802035	1
802049	1
802057	1
802067	1
802091	1
802126	1
802167	1
802168	1
802169	1
802171	1
802177	1
802178	1
802183	1
802191	1
802198	1
802203	1
802209	1
802210	1
802221	1
802222	1
802226	1
802235	1
802236	1
802239	1
802292	1
802340	1
802355	1
802385	1
802412	1
802444	1
802457	1
802460	1
802473	1
802476	1
802480	1
802482	1
802489	1
802492	1
802506	1
802520	1
802528	1
802539	1
802554	1
802560	1
802561	1
802562	1
802567	1
802573	1
802576	1
802581	1
802616	1
802617	1
802619	1
802621	1
802623	1
802624	1
802626	1
802627	1
802637	1
802658	1
802660	1
802661	1
802663	1
802668	1
802673	1
802675	1
802676	1
802685	1
802687	1
802694	1
802710	1
802712	1
802713	1
802715	1
802718	1
802720	1
802722	1
802723	1
802724	1
802725	1
802731	1
802736	1
802737	1
802740	1
802741	1
802746	1
802748	1
802750	1
802760	1
802766	1
802770	1
802770	1
802774	1
802777	1
802780	1
802785	1
802795	1
802796	1
802797	1
802800	1
802804	1
802805	1
802808	1
802809	1
802815	1
802828	1
802829	1
802830	1
802836	1
802837	1
802847	1
802848	1
802857	1
802862	1
802868	1
802878	1
802879	1
802885	1
802888	1
802901	1
802902	1
802909	1
802910	1
802915	1
802917	1
802918	1
802921	1
802922	1
802923	1
802924	1
802928	1
802929	1
802936	1
802941	1
802949	1
802958	1
802963	1
802964	1
802965	1
802971	1
802977	1
802978	1
802980	1
802983	1
802986	1
802989	1
802993	1
803005	1
803006	1
803010	1
803011	1
803015	1
803017	1
803033	1
803034	1
803036	1
803037	1
803039	1
803046	1
803052	1
803057	1
803058	1
803061	1
803072	1
803073	1
803074	1
803076	1
803077	1
803079	1
803086	1
803086	1
803089	1
803090	1
803091	1
803094	1
803099	1
803101	1
803103	1
803107	1
803111	1
803116	1
803118	1
803119	1
803122	1
803123	1
803132	1
803139	1
803166	1
803178	1
803181	1
803186	1
803188	1
803189	1
803190	1
803192	1
803196	1
803199	1
803206	1
803209	1
803213	1
803219	1
803220	1
803223	1
803224	1
803228	1
803232	1
803234	1
803241	1
803248	1
803249	1
803255	1
803266	1
803276	1
803277	1
803278	1
803281	1
803295	1
803307	1
803311	1
803315	1
803317	1
803331	1
803332	1
803333	1
803344	1
803345	1
803348	1
803351	1
803353	1
803358	1
803360	1
803361	1
803363	1
803364	1
803367	1
803368	1
803372	1
803377	1
803389	1
803391	2
803397	2
803400	1
803413	1
803414	2
803420	3
803434	1
803436	1
803437	1
803439	1
803450	1
803455	1
803464	1
803471	1
803484	1
803488	1
803489	1
803490	1
803498	1
803501	1
803508	1
803511	1
803513	1
803514	1
803521	1
803522	1
803526	1
803531	1
803534	1
803577	1
803605	1
803611	1
803612	1
803613	1
803637	1
803640	1
803642	1
803655	1
803655	1
803657	1
803666	1
803676	1
803679	1
803684	1
803690	1
803692	1
803700	1
803714	1
803716	1
803719	1
803722	1
803724	1
803725	1
803729	1
803730	1
803731	1
803734	1
803750	1
803752	1
803758	1
803760	1
803761	1
803772	1
803774	1
803775	1
803776	1
803783	1
803787	1
803788	1
803789	1
803791	1
803793	1
803797	1
803801	1
803802	1
803805	1
803806	1
803807	1
803808	1
803812	1
803814	1
803819	1
803825	1
803828	1
803838	1
803842	1
803844	1
803845	1
803851	1
803856	1
803857	1
803862	1
803863	1
803866	1
803867	1
803868	1
803897	1
803900	1
803901	1
803915	1
803917	1
803919	1
803922	1
803925	1
803970	1
803986	3
804008	1
804014	3
804029	1
804036	1
804054	2
804056	2
804056	1
804073	1
804093	1
804094	1
804099	1
804100	1
804102	1
804103	1
804106	1
804109	1
804140	1
804148	1
804162	1
804166	1
804197	1
804199	1
804205	1
804206	1
804208	1
804209	1
804226	1
804235	1
804241	1
804246	1
804269	1
804271	1
804275	1
804281	1
804291	1
804298	1
804302	1
804305	1
804306	1
804359	1
804370	1
804376	1
804377	1
804386	1
804386	1
804456	1
804464	1
804467	1
804471	1
804472	1
804478	1
804482	1
804518	1
804519	2
804527	3
804534	1
804539	1
804542	1
804544	1
804579	1
804586	1
804592	1
804595	1
804598	1
804599	1
804601	1
804604	1
804606	1
804610	1
804645	1
804649	1
804650	1
804651	1
804652	1
804654	1
804655	1
804662	1
804665	1
804669	1
804671	1
804684	1
804691	1
804694	1
804695	1
804696	1
804699	1
804700	1
804706	1
804712	1
804714	1
804716	1
804721	1
804723	1
804725	1
804727	1
804729	1
804757	1
804758	1
804764	1
804768	1
804786	1
804787	1
804796	1
804798	1
804801	1
804802	1
804803	1
804809	1
804814	1
804817	1
804949	2
804950	1
804951	1
804952	2
804957	1
804961	2
804963	1
804964	1
804966	1
804971	1
804973	1
804974	2
804975	2
804976	1
804979	1
804981	1
804982	1
804985	1
804986	1
804988	1
804989	1
804990	1
805029	1
805044	1
805047	1
805048	1
805049	1
805050	1
805074	1
805080	1
805086	1
805089	1
805093	1
805096	1
805105	1
805108	1
805114	2
805116	1
805118	2
805119	3
805120	1
805121	2
805122	1
805124	1
805125	1
805127	1
805129	1
805130	1
805131	1
805132	3
805134	1
805143	1
805145	1
805146	1
805147	1
805152	1
805153	1
805154	1
805155	2
805158	1
805159	1
805160	1
805161	1
805177	1
805178	1
805179	1
805180	1
805197	1
805201	1
805202	1
805203	2
805269	2
805270	2
805271	1
805277	1
805282	2
805283	2
805284	2
805286	1
805295	1
805300	1
805303	2
805307	1
805308	2
805309	2
805310	2
805314	1
805315	1
805316	1
805317	1
805322	1
805324	1
805325	1
805326	1
805328	1
805330	1
805331	1
805332	1
805333	1
805335	1
805339	1
805343	2
805344	1
805346	1
805347	2
805360	1
805405	1
805422	1
805423	1
805424	1
805425	1
805427	1
805428	1
805431	1
805432	1
805433	1
805434	1
805439	1
805486	1
805491	1
805495	1
805497	2
805498	3
805499	2
805500	2
805509	1
805510	1
805514	2
805515	1
805517	1
805518	2
805520	1
805528	1
805537	1
805541	1
805545	1
805547	1
805554	1
805555	1
805556	3
805557	2
805563	2
805565	1
805566	1
805567	1
805572	2
805573	1
805575	1
805576	1
805583	1
805584	1
805585	1
805587	1
805589	1
805590	1
805592	1
805593	1
805594	1
805595	1
805596	1
805597	1
805599	1
805601	1
805602	1
805603	1
805604	1
805605	1
805606	1
805607	1
805609	1
805610	1
805611	1
805612	2
805613	1
805614	1
805615	1
805616	1
805618	1
805619	1
805621	1
805624	3
805626	1
805627	1
805628	1
805629	1
805630	1
805636	3
805638	2
805642	2
805643	2
805646	1
805647	1
805650	1
805679	1
805684	1
805687	1
805688	1
805694	1
805702	2
805713	1
805719	1
805721	1
805727	1
805728	1
805733	1
805751	1
805811	1
805817	1
805819	1
805829	2
805830	1
805847	1
805931	2
806056	1
806063	1
806095	1
882319	1
886544	1
886621	1
887383	1
887618	1
887977	1
888188	1
888243	1
888385	1
888562	1
902438	1
902733	1
902780	1
903484	1
903552	1
903580	1
903640	1
903830	1
903938	1
904171	1
904341	1
904372	1
904660	1
904664	1
904693	1
904742	1
906365	1
906969	1
907132	1
907931	1
907993	1
908306	1
908440	1
910976	1
911493	1
913470	2
913816	1
914062	1
914461	1
915051	1
915278	1
915404	1
915433	1
915645	1
915771	1
915867	1
916078	1
916561	1
916677	1
916686	1
916750	1
916819	1
916827	1
916920	1
917082	1
917084	1
917360	1
917453	1
917480	1
917553	1
917586	1
917598	1
917678	1
917696	1
917810	1
917853	1
917871	1
917884	1
917888	1
917896	1
917909	1
917936	1
917948	1
917983	1
918010	1
918025	1
918026	1
918063	1
918135	1
918182	1
918191	1
918237	1
918256	1
918269	1
918289	1
918328	1
918367	1
918405	1
918411	1
918443	1
918484	1
918496	1
918537	1
918560	1
918584	1
918592	1
918614	1
918681	1
918684	1
918742	1
918749	1
918759	1
918766	1
918771	1
918783	1
918789	1
918791	1
918827	1
918843	1
918878	1
918879	1
918890	1
918891	1
918898	1
918906	1
918928	1
918933	1
918972	1
918975	1
918977	1
918980	1
918994	1
918996	1
918999	1
919027	1
919033	1
919051	1
919081	1
919084	1
919094	1
919104	1
919110	1
919120	1
919122	1
919126	1
919126	1
919137	1
919149	1
919155	1
919204	1
919223	1
919240	1
919262	1
919267	1
919272	1
919273	1
919295	1
919340	1
919375	1
919376	1
919380	1
919384	1
919391	1
919399	1
919417	1
919419	1
919433	1
919497	1
919530	1
919545	1
920401	1
920414	1
937358	1
937839	1
938374	1
939404	1
939482	1
939537	1
939993	1
940647	1
940707	1
941623	1
942193	1
942504	1
942599	1
944245	1
944254	1
944379	1
944502	1
945507	1
945554	1
945587	1
945599	1
945655	1
945665	1
945682	1
945763	1
947108	1
947119	1
947120	1
947196	1
947683	1
949515	1
949898	1
957594	1
957669	1
963941	1
963958	1
967686	1
967774	1
972585	1
972588	1
972644	1
972719	1
972886	1
972984	1
973060	1
973068	1
973077	1
973100	1
973170	1
973172	1
973247	1
973263	1
973265	1
973288	1
973374	1
973547	1
973858	1
985885	1
986073	1
986227	1
986558	1
986896	1
986906	1
987030	1
987036	1
987059	1
987066	1
987091	1
987093	1
987253	1
987271	1
987288	1
990162	1
990728	1
991826	1
996958	1
997003	1
997025	1
997060	1
997081	1
997153	1
997259	1
997557	1
997575	1
997607	1
997624	1
997668	1
998126	1
998248	2
998397	1
998596	1
998638	1
998842	1
998855	1
998906	1
999027	1
1005053	1
1012824	1
1013705	1
1013955	1
1030128	1
1030624	1
1030676	1
1031384	1
1031432	1
1031507	1
1031514	1
1031779	1
1031780	1
1031881	1
1031934	1
1032073	1
1032111	1
1032117	1
1032160	1
1032183	1
1032229	1
1032252	1
1032272	1
1032392	1
1032399	1
1032469	1
1032502	1
1032614	1
1032668	1
1032669	1
1032679	1
1032725	1
1032747	1
1032850	1
1032859	1
1032861	1
1032913	1
1032932	1
1032940	1
1032941	1
1032942	1
1033007	1
1033014	1
1033023	1
1033069	1
1033103	1
1033107	1
1033121	1
1033145	1
1033152	1
1033169	1
1033171	1
1033209	1
1033238	1
1033247	1
1033248	1
1033259	1
1033277	1
1033307	1
1033312	1
1033319	1
1033357	1
1033446	1
1033475	1
1033529	1
1033534	1
1033882	1
1033899	1
1040335	1
1040595	1
1042077	1
1043708	1
1043764	1
1045121	1
1045910	1
1046300	1
1046383	1
1046652	1
1051314	1
1052478	1
1052689	1
1053267	1
1053268	1
1053334	1
1053334	1
1053998	1
1054170	1
1054288	1
1054302	1
1054474	1
1054620	1
1054629	1
1054802	1
1054848	1
1055680	1
1055888	1
1055948	1
1055974	1
1056543	1
1056799	1
1060338	1
1060660	1
1060702	1
1060899	1
1061016	1
1061474	1
1061935	1
1062072	1
1062155	1
1062158	1
1062494	1
1062610	1
1063029	1
1063252	2
1085028	1
1085151	1
1085166	1
1085564	1
1085605	1
1085609	1
1085823	1
1085842	1
1085845	1
1085951	1
1086074	1
1086088	1
1086089	1
1086109	1
1086159	1
1086488	1
1086494	1
1086538	1
1086652	1
1086678	1
1086735	1
1086785	1
1086829	1
1086873	1
1086949	1
1086977	1
1087044	1
1087060	1
1087064	1
1087080	2
1087092	1
1087099	1
1087100	1
1087105	1
1087137	1
1087212	1
1087457	1
1087478	1
1087486	1
1087487	1
1087488	1
1087492	1
1087498	1
1087506	1
1087529	1
1087533	1
1087534	2
1087537	1
1087544	1
1087553	1
1087555	1
1087566	1
1087569	1
1087571	1
1087577	1
1087585	1
1087589	1
1087606	1
1087607	1
1087686	1
1087695	1
1087697	1
1087711	1
1087722	1
1087740	1
1087769	1
1087775	1
1087780	1
1087807	1
1087841	1
1087843	1
1087944	1
1087954	1
1087956	1
1088064	1
1088069	1
1088093	1
1088103	1
1088119	1
1088123	1
1088131	1
1088147	1
1088160	1
1088169	1
1088197	1
1088208	1
1088211	1
1088221	1
1088245	1
1088292	1
1088349	1
1088352	1
1088353	1
1088414	1
1088434	1
1088777	1
1088803	1
1088810	1
1088813	2
1088978	1
1088995	1
1089299	1
1090104	1
1090257	1
1090381	1
1090473	1
1091162	1
1091524	1
1091647	1
1092194	1
1092872	1
1093235	1
1094478	1
1094818	1
1094959	1
1095028	1
1095053	1
1095061	1
1095314	1
1095771	1
1096203	1
1096307	1
1096532	1
1096562	1
1096793	1
1096820	1
1097092	1
1097403	1
1097600	1
1097639	1
1098054	1
1098179	1
1098475	1
1098608	1
1098640	1
1098689	1
1098756	1
1098888	1
1101849	1
1101977	2
1102000	1
1102109	1
1102177	1
1102300	1
1102445	1
1102719	1
1102899	1
1102960	1
1103145	1
1103619	1
1104084	1
1104208	1
1104373	1
1104532	1
1104556	1
1106519	1
1106910	1
1107315	1
1110048	1
1110078	1
1110148	1
1110251	1
1110283	1
1110336	1
1110339	1
1110517	1
1110583	1
1110625	1
1110643	1
1110830	1
1110837	1
1111223	1
1111228	1
1111635	1
1111862	1
1112036	1
1120399	1
1120730	1
1120964	1
1122195	1
1122220	1
1122267	1
1122904	1
1122906	1
1123070	1
1124168	1
1124792	1
1125335	1
1125351	1
1125361	1
1125508	1
1125572	1
1125579	1
1125668	1
1125964	1
1125976	1
1126768	1
1127154	1
1127640	1
1127904	1
1127984	1
1130247	1
1131156	1
1131283	1
1131563	1
1131682	1
1131954	1
1132799	1
1133222	1
1133403	1
1133496	1
1133598	1
1134234	1
1134242	1
1134249	1
1134592	1
1135010	1
1135019	1
1135027	1
1135083	1
1135092	1
1135100	1
1135102	1
1135110	1
1135128	1
1135131	1
1135142	1
1135156	1
1135205	1
1135220	1
1135226	1
1135235	1
1135237	1
1135245	1
1135306	1
1135309	1
1135348	1
1135363	1
1135379	1
1135393	1
1135397	1
1135399	1
1135402	1
1135414	1
1135418	1
1135421	1
1135448	1
1135451	1
1135465	1
1135472	1
1135486	1
1135488	1
1135493	1
1135498	1
1135506	1
1135512	1
1135521	1
1135540	1
1135543	1
1135575	1
1135577	1
1135578	1
1135582	1
1135583	1
1135586	1
1135588	1
1135591	1
1135688	1
1135715	1
1135724	1
1135749	1
1135752	1
1135786	1
1135787	1
1135802	1
1135811	1
1135815	1
1135826	1
1135827	1
1135851	1
1135876	1
1135917	1
1135958	1
1135991	1
1135998	1
1135999	1
1136028	1
1136037	1
1136040	1
1136047	1
1136049	1
1136071	1
1136074	1
1136077	1
1136086	1
1136091	1
1136093	1
1136095	1
1136127	1
1136133	1
1136153	1
1136175	1
1136179	1
1136184	1
1136193	1
1136200	1
1136201	1
1136208	1
1136216	1
1136227	1
1136242	1
1136243	1
1136267	1
1136284	1
1136285	1
1136365	1
1136618	1
1136648	1
1137084	1
1137182	1
1137313	1
1137350	1
1137351	1
1137525	1
1137655	1
1137744	1
1138577	1
1150946	1
1155390	1
1160933	1
1164705	1
1170123	1
1170144	1
1170145	1
1170319	1
1170428	1
1170459	1
1170478	1
1175042	1
1175096	1
1175098	1
1182207	1
1182320	1
1182751	1
1191437	1
1200320	1
1201869	1
1210303	1
1211086	1
1211770	1
1212561	1
1220040	1
1220164	1
1220474	1
1220510	1
1220752	1
1221177	1
1240642	1
1296855	1
1299305	1
619299	1
466847	1
544837	1
1033335	1
802208	1
803005	1
794327	1
