366637	1
802067	1
618332	1
801085	1
516320	1
367404	1
802694	1
757531	1
226195	1
618341	1
509599	1
368561	1
814052	1
805302	1
810470	1
814438	1
805770	1
397129	1
803922	1
366354	1
616673	1
510996	1
368603	1
641735	1
231627	1
511790	1
343751	1
398310	1
805968	1
368330	1
567605	1
396003	1
515988	1
815932	1
815983	1
808803	1
810666	1
642482	1
757347	1
805855	1
806754	1
807218	1
808280	1
808731	1
809862	1
810398	1
810581	1
813505	1
813681	1
813810	1
816102	1
816584	1
999575	1
1089969	1
1137350	1
1138137	1
1196004	1
1280346	1
1380646	1
807507	1
810677	1
812415	1
812492	1
813067	1
815152	1
949888	1
1087506	1
1088123	1
1127433	1
1137327	1
1223450	1
1230146	1
1230197	1
639783	1
801077	1
815851	1
959146	1
1089776	1
1089777	1
1128323	1
1138237	1
1139707	1
1172516	1
1184056	1
802623	1
804203	1
810325	1
811286	1
812687	1
814717	1
814759	1
815648	1
1139732	1
1175663	1
1175675	1
1185214	1
1195939	1
1196064	1
1280191	1
1280509	1
1380583	1
568678	1
799291	1
803806	1
803868	1
804534	1
806045	1
806161	1
807592	1
812006	1
813217	1
813399	1
813956	1
906787	1
967715	1
973261	1
1038042	1
1064028	1
1135577	1
1270750	1
1280384	1
804596	1
805632	1
811067	1
811175	1
811552	1
811925	1
812642	1
813860	1
814053	1
814518	1
814672	1
815118	1
1280257	1
804786	1
806218	1
808048	1
811827	1
812620	1
813664	1
814264	1
814778	1
814851	1
815309	1
815569	1
1064299	1
1136193	1
1137536	1
1138966	1
1190665	1
798336	1
806882	1
814867	1
815247	1
815373	1
815376	1
816430	1
999076	1
1089951	1
1195903	1
1280883	1
791329	1
813019	1
813616	1
813730	1
813907	1
815290	1
815472	1
815566	1
816273	1
1036190	1
1089097	1
1089440	1
1272833	1
811276	1
814821	1
815436	1
816463	1
1086156	1
1088563	1
1089403	1
1089595	1
1137014	1
1137542	1
1155390	1
1320953	1
1321431	1
512508	1
641116	1
803119	1
807483	1
811548	1
812985	1
813033	1
813199	1
813555	1
814266	1
816206	1
816643	1
887237	1
968018	1
1033238	1
1087691	1
1215632	1
399269	1
513064	1
643102	1
810707	1
810800	1
811042	1
812323	1
813104	1
813370	1
813495	1
815514	1
815799	1
816167	1
816277	1
816280	1
816338	1
816361	1
1034925	1
1191584	1
1227504	1
1291222	1
1299173	1
1322058	1
816372	1
1192182	1
809870	1
810280	1
812690	1
812806	1
812815	1
813237	1
813692	1
813718	1
814109	1
814250	1
814283	1
814544	1
816003	1
816018	1
1036079	1
811870	1
812005	1
812632	1
812865	1
813459	1
813614	1
814331	1
814447	1
814468	1
814490	1
815418	1
815570	1
816105	1
816151	1
816267	1
816334	1
1137522	1
1224273	1
1298896	1
1298980	1
1299101	1
1325040	1
815157	1
815236	1
815523	1
815578	1
815640	1
815665	1
815894	1
815896	1
816127	1
816215	1
816278	1
973280	1
1036075	1
1280182	1
1280555	1
805936	1
809664	1
810799	1
812008	1
812776	1
812796	1
812928	1
813468	1
813545	1
813772	1
813790	1
813863	1
813884	1
814037	1
814040	1
814091	1
814461	1
814531	1
814532	1
814549	1
814574	1
814587	1
814989	1
815458	1
815722	1
1112725	1
1173028	1
1196049	1
397714	1
514025	1
514068	1
809116	1
810282	1
811698	1
812194	1
812293	1
812801	1
813356	1
813712	1
813827	1
814731	1
816226	1
988039	1
1034919	1
1036161	1
1064857	1
1087381	1
1138455	1
1139177	1
1139310	1
1298139	1
806111	1
808126	1
809555	1
810092	1
810367	1
810427	1
810812	1
811573	1
811849	1
812688	1
813446	1
813458	1
814310	1
814505	1
814556	1
1138317	1
1155219	1
1195029	1
1195844	1
1203167	1
1380599	1
809919	1
810401	1
810594	1
811013	1
811031	1
811887	1
812404	1
812468	1
812809	1
812822	1
814077	1
814445	1
814928	1
815147	1
815968	1
816284	1
1139702	1
1139948	1
1175893	1
1270096	1
1291221	1
807197	1
808277	1
812681	1
813359	1
813832	1
813862	1
814144	1
814214	1
814496	1
815461	1
815462	1
815627	1
816023	1
816219	1
816295	1
1032502	1
1135825	1
1138758	1
1139903	1
1270300	1
1327688	1
1372765	1
1380907	1
619773	1
806368	1
807546	1
809177	1
810096	1
810798	1
810832	1
812106	1
812370	1
812475	1
812477	1
812772	1
814128	1
814924	1
816247	1
1064314	1
1098928	1
1138963	1
1175891	1
1175897	1
1185944	1
1224364	1
1380616	1
567363	1
619762	1
619922	1
809858	1
812230	1
812434	1
813159	1
813273	1
813793	1
815327	1
815351	1
816250	1
816274	1
816384	1
816387	1
1098689	1
1111916	1
1138021	1
1139952	1
1280857	1
1280925	1
1326905	1
1380560	1
1380833	1
643141	1
802226	1
803089	1
1191230	1
1191245	1
1191384	1
1191522	1
1195674	1
1280192	1
806738	1
811902	1
813111	1
813145	1
815043	1
948320	1
1034429	1
1037005	1
1044714	1
1139540	1
1139565	1
1175769	1
1183634	1
1190250	1
1191126	1
1191272	1
1191477	1
1240890	1
758956	1
813022	1
813640	1
814888	1
814911	1
999044	1
1034993	1
1036150	1
1089502	1
1113239	1
1138932	1
1139832	1
1191164	1
1195355	1
1205305	1
808854	1
809034	1
811462	1
813320	1
814903	1
998664	1
1033817	1
1191042	1
1191405	1
1191512	1
1191936	1
1192032	1
1192152	1
1192236	1
1195736	1
1195756	1
1195804	1
1195963	1
1196222	1
1280340	1
397507	1
806389	1
806406	1
806445	1
809892	1
811370	1
811431	1
811677	1
811797	1
812531	1
813742	1
814176	1
814608	1
814970	1
814991	1
815104	1
815434	1
815519	1
815915	1
815984	1
816325	1
816536	1
919895	1
1036006	1
1138713	1
1191556	1
1191657	1
1191740	1
1191876	1
1195657	1
7003068	1
343919	1
511224	1
515914	1
1298980	1
1298139	1
1298282	1
1298406	1
1299103	1
1298880	1
1298282	1
1298692	1
1298872	1
1298898	1
1298901	1
1298902	1
1298904	1
1298966	1
1299162	1
1298137	1
1298217	1
1298882	1
1298278	1
1298903	1
1299086	1
1299122	1
1299165	1
1299220	1
1298903	1
1298372	1
806428	1
807788	1
809803	1
810034	1
810101	1
810249	1
1231085	1
509938	1
515803	1
568474	1
802520	1
804798	1
805227	1
806384	1
806674	1
808499	1
811329	1
815544	1
1137541	1
1139912	1
616914	1
749865	1
804599	1
804604	1
806890	1
808134	1
810521	1
811926	1
812065	1
812076	1
813158	1
813276	1
813277	1
813612	1
813985	1
814332	1
814578	1
815402	1
986339	1
1034607	1
1087457	1
1139185	1
1139837	1
1175272	1
1175496	1
1184543	1
1195301	1
1196173	1
1350799	1
550993	1
617148	1
803014	1
805360	1
807608	1
808361	1
809472	1
809547	1
810802	1
811383	1
812192	1
813416	1
813758	1
814255	1
815146	1
815323	1
816184	1
988643	1
1034945	1
1036027	1
1139005	1
1139243	1
1139278	1
1280472	1
1281059	1
1281248	1
1380017	1
1381224	1
511919	1
618241	1
810572	1
810797	1
811597	1
812610	1
812718	1
812761	1
812990	1
813588	1
813997	1
814162	1
814276	1
814491	1
815174	1
999733	1
1033579	1
1034284	1
1038023	1
1112772	1
1136213	1
1172681	1
1195001	1
1195808	1
1270006	1
1321682	1
1363325	1
1380638	1
806268	1
806585	1
807385	1
807590	1
810319	1
810568	1
810743	1
812236	1
812501	1
812635	1
812854	1
814029	1
815305	1
815989	1
398127	1
811380	1
811562	1
812047	1
812539	1
812738	1
813220	1
814451	1
815026	1
815053	1
815229	1
815238	1
815953	1
816434	1
1033650	1
1136658	1
1161337	1
1175583	1
1175683	1
1191688	1
1195021	1
617040	1
802723	1
805084	1
809941	1
812221	1
814604	1
814746	1
814820	1
815439	1
815649	1
815782	1
815852	1
816076	1
816238	1
1062184	1
806582	1
808556	1
811473	1
812574	1
814707	1
814765	1
814931	1
815728	1
815732	1
816370	1
1170210	1
1170764	1
1175706	1
1195347	1
1221906	1
1231624	1
1250216	1
1381244	1
801718	1
801967	1
802722	1
805960	1
809326	1
810361	1
812456	1
812555	1
812582	1
812755	1
812811	1
814934	1
815520	1
815674	1
816331	1
1136376	1
1171004	1
1192245	1
1226227	1
1326830	1
1381253	1
816001	1
908077	1
958393	1
988948	1
1034973	1
1036057	1
1036181	1
1138351	1
1195314	1
1280249	1
1280307	1
1280431	1
1280560	1
816256	1
816329	1
816395	1
959140	1
973229	1
1036061	1
1196000	1
1231051	1
1272804	1
1298960	1
1381639	1
809445	1
809962	1
810735	1
810782	1
811544	1
815718	1
1083284	1
1087337	1
1137156	1
1230142	1
1560788	1
810727	1
810845	1
811918	1
812323	1
812335	1
813596	1
814449	1
815042	1
816298	1
1036023	1
1114046	1
516059	1
516349	1
802020	1
811163	1
812931	1
813437	1
814121	1
814959	1
815066	1
815218	1
815553	1
815564	1
815781	1
816239	1
816570	1
1034739	1
1086260	1
1175505	1
1175778	1
1190230	1
1191118	1
1191168	1
1191302	1
1191707	1
1191755	1
1191760	1
1280164	1
1280323	1
1280395	1
1281789	1
1324175	1
231745	1
757114	1
808512	1
809367	1
811771	1
812747	1
812929	1
813533	1
814589	1
815390	1
815625	1
816456	1
1035055	1
1036117	1
1049417	1
1137689	1
1139197	1
1175255	1
1175531	1
1175819	1
1191169	1
1191855	1
1191929	1
1195257	1
1196191	1
1215089	1
1270874	1
1280111	1
1299048	1
1380249	1
1034607	1
397493	1
797152	1
810766	1
813039	1
814301	1
814563	1
815007	1
815129	1
815154	1
815170	1
815650	1
816114	1
816585	1
920096	1
1034974	1
1036141	1
1036196	1
1044994	1
1112511	1
1112513	1
1138885	1
1139112	1
1139751	1
1152748	1
1175626	1
1187244	1
1270836	1
1280173	1
1280199	1
1280371	1
1326644	1
1350149	1
806682	1
813906	1
814930	1
815443	1
815506	1
1017182	1
1036193	1
1037079	1
1103641	1
1129325	1
1137703	1
1138173	1
1139435	1
1175248	1
1183600	1
1191519	1
1191725	1
1191915	1
1192082	1
1195934	1
1195981	1
1230550	1
1280121	1
1280308	1
516158	1
812992	1
813630	1
814642	1
814788	1
815140	1
815306	1
815325	1
815328	1
815614	1
1017665	1
1049519	1
1135215	1
1137233	1
1139549	1
1139642	1
1170058	1
1175773	1
1175812	1
1175850	1
1184756	1
1191710	1
1191795	1
1191803	1
1191943	1
1195366	1
1195701	1
1195899	1
1270908	1
1280219	1
1280226	1
802835	1
809971	1
813847	1
814357	1
814629	1
814666	1
815213	1
815239	1
815262	1
815445	1
815641	1
815702	1
816160	1
1110925	1
1111663	1
1170904	1
1175731	1
1192113	1
1195895	1
1195972	1
1196039	1
1196101	1
516309	1
812894	1
812953	1
813526	1
816188	1
1037024	1
1089887	1
1139883	1
1161138	1
1175631	1
808841	1
810810	1
813676	1
814887	1
815084	1
815085	1
815133	1
815145	1
815366	1
815580	1
815676	1
815990	1
815991	1
816083	1
919916	1
945227	1
1139300	1
1139553	1
1139635	1
1139862	1
1191411	1
1195913	1
1270839	1
1298880	1
1270874	1
1191522	1
889979	1
802963	1
810104	1
814607	1
814697	1
814944	1
814968	1
1137249	1
1186592	1
1190161	1
1191441	1
1191933	1
1298159	1
469139	1
811644	1
815454	1
1055741	1
1138840	1
1192162	1
1195941	1
1191578	1
1191859	1
1196007	1
1225692	1
1380141	1
367795	1
811679	1
812948	1
813112	1
813227	1
813233	1
813946	1
1128828	1
1139438	1
1139704	1
1139722	1
1175635	1
1191258	1
1191408	1
1195668	1
1195677	1
1195679	1
1195748	1
1034958	1
1036095	1
1139686	1
1175358	1
1191622	1
1192102	1
1330640	1
809278	1
812385	1
812788	1
813453	1
814070	1
814439	1
814685	1
814954	1
815530	1
815967	1
908176	1
920052	1
1138890	1
1139933	1
1175578	1
1190064	1
1195993	1
1280132	1
1280185	1
1270836	1
814589	1
810409	1
949002	1
1034781	1
1151198	1
1175547	1
1175585	1
1175604	1
1191318	1
1191365	1
811546	1
813270	1
814694	1
814785	1
815504	1
815933	1
1175208	1
1175682	1
1183699	1
1191287	1
1191303	1
1195659	1
1195916	1
1196098	1
1195655	1
516349	1
811898	1
813389	1
814892	1
815817	1
919725	1
1034550	1
1036101	1
1037097	1
1138974	1
1139631	1
1151272	1
1175728	1
1175772	1
1191331	1
1191468	1
1191891	1
1191976	1
1195883	1
1299133	1
1324216	1
1270908	1
802963	1
397503	1
516163	1
805353	1
806184	1
806205	1
806407	1
811217	1
811388	1
815998	1
958333	1
999326	1
1139855	1
1171163	1
1175724	1
1191429	1
1192101	1
1299160	1
1335953	1
758779	1
1089898	1
619917	1
806986	1
811219	1
998540	1
1128770	1
1183957	1
1195770	1
1298882	1
511518	1
512300	1
806429	1
810442	1
812957	1
813891	1
813918	1
814683	1
815023	1
815219	1
815508	1
815681	1
815787	1
815791	1
816050	1
920060	1
999636	1
1099103	1
1136168	1
1175878	1
1190077	1
1191246	1
1191604	1
1191767	1
1195875	1
1196081	1
1280230	1
814944	1
225757	1
510712	1
511572	1
804578	1
806744	1
809436	1
810731	1
811691	1
811770	1
811966	1
812510	1
813535	1
813563	1
814016	1
814038	1
814479	1
815463	1
999755	1
1034496	1
1034737	1
1035041	1
1036111	1
1036173	1
1139488	1
1139711	1
1139907	1
1191345	1
1191652	1
1280134	1
1190230	1
516092	1
805206	1
806496	1
807426	1
809134	1
809930	1
809946	1
810887	1
811572	1
813249	1
813367	1
814618	1
815114	1
815273	1
815561	1
815888	1
919580	1
999143	1
1034980	1
1036066	1
1089542	1
1139697	1
1139841	1
1190085	1
1190176	1
1191785	1
1191903	1
1191930	1
1195907	1
1196025	1
1280415	1
806577	1
807491	1
809377	1
813230	1
813674	1
813721	1
813914	1
814673	1
815068	1
816380	1
1036000	1
1036139	1
1042641	1
1175557	1
1191261	1
1192066	1
1192199	1
1280493	1
1281024	1
1281381	1
1299160	1
511231	1
512290	1
802907	1
811450	1
811855	1
812285	1
812659	1
813050	1
813523	1
814414	1
814452	1
814793	1
815448	1
815749	1
815824	1
816275	1
919773	1
958802	1
999677	1
1034923	1
1063687	1
1191205	1
1191276	1
1191947	1
1195908	1
1196357	1
1298217	1
814563	1
806581	1
808565	1
814089	1
999600	1
1036132	1
1037008	1
1190835	1
1191829	1
1195884	1
1280106	1
516065	1
803164	1
807297	1
810794	1
812572	1
813424	1
814797	1
919805	1
1063722	1
1111608	1
1139720	1
1175400	1
1175811	1
1191134	1
1191162	1
1191349	1
1191532	1
1195878	1
1195940	1
512041	1
807501	1
812169	1
813049	1
919623	1
998780	1
1137083	1
1137646	1
1298632	1
1299173	1
1298633	1
1298876	1
1298879	1
1298883	1
1298900	1
1298910	1
1298959	1
1298967	1
1298969	1
1298973	1
1298979	1
1298988	1
1299037	1
1299241	1
1298691	1
1298712	1
1298978	1
1299034	1
1298909	1
1298962	1
1298968	1
1298970	1
1298972	1
1298990	1
1299049	1
1299120	1
1299121	1
1299219	1
810646	1
1298959	1
1298967	1
1298969	1
1298973	1
1298979	1
1299034	1
1299037	1
1298899	1
1298139	1
1298406	1
1298962	1
1298968	1
1298970	1
1298980	1
1299049	1
1299120	1
1299121	1
1299160	1
1299008	1
1298137	1
1298217	1
1298882	1
1298898	1
